source_id,ra,dec,phot_g_mean_mag,g_rp,qf,F6,F8,F10,mem_prob,Class
604897391469141632,132.9306097405539,11.670290523536586,16.243812561035153,0.455221176147461,1,0.0,2.740119080669431e-05,0.0,0,0
604897627692974464,132.85848991452696,11.64971091916285,18.204633712768555,,1,0.9333333333333333,0.8527107874992261,0.8637396273067988,0,1
604897799490329216,132.82818895080504,11.654099213203898,19.398099899291992,1.1008281707763672,1,1.0,0.9888661591180145,1.0,0,1
604897803786032768,132.82328138687606,11.660013307292779,13.424559593200685,0.454340934753418,1,0.0,0.00025124300851416545,0.0055560388361834976,0,0
604897833850019328,132.84940719217153,11.6478085526861,14.37062168121338,0.5059728622436523,1,1.0,0.9999825053494158,0.9944442213817904,0,1
604897833851378688,132.84079760880093,11.652738790550616,17.843273162841797,1.1993560791015625,1,0.011111111111111112,0.006263675525738695,0.0055636808519951165,0,0
604897838145767168,132.84657329742478,11.654122571970511,14.740635871887207,0.5459222793579102,1,1.0,0.9999825060815746,0.9944442213817904,0,1
604897838145769472,132.83984755498966,11.652363899720314,13.516213417053224,0.4105548858642578,1,0.0,0.00025128600185979,0.005556712137058942,0,0
604897902569548160,132.8260266839153,11.661814967780767,17.9683780670166,0.903329849243164,1,0.0,0.0004253729236903503,0.0,0,0
604897906866824448,132.83658070499246,11.661139389314569,13.542055130004885,0.4565925598144531,1,0.9888888888888889,0.9999825063961669,0.9944442526912063,0,1
604897936929290880,132.84500743656108,11.675038215657876,18.67458724975586,1.0241546630859375,1,1.0,0.9944550697646176,1.0,0,1
604897936929292160,132.84224677537094,11.677403321597707,18.228240966796875,0.9930191040039062,1,1.0,0.9998429256594377,0.994443882388796,0,1
604897971289326592,132.88209961497515,11.652474122944815,20.1773624420166,0.993976593017578,1,0.0,0.0,0.0,0,0
604898005648763136,132.9010564089571,11.661284927156654,18.424440383911133,0.950918197631836,1,0.0,0.0,0.005557158102841348,0,0
604898009944442624,132.89803337940918,11.663043594630661,14.176738739013672,0.5568675994873047,1,0.05,0.07785247343920759,0.04446885657725863,0,0
604898009944444032,132.8982920955117,11.658938927547727,16.652458190917972,0.7953777313232422,1,0.9944444444444445,0.9944265620291121,1.0,0,1
604898074368243200,132.89512003472606,11.672464833,18.583660125732425,0.6402492523193359,1,0.0,2.7408212599104333e-05,0.0,0,0
604898078663918848,132.89131188029347,11.67532644656003,20.22303581237793,0.9808177947998048,1,0.0,0.0,0.0,0,0
604898113023651328,132.91638281023322,11.67428377722967,18.9189395904541,1.0308914184570312,1,1.0,0.999921744815459,1.0,0,1
604898113023653888,132.91057381069493,11.666135898461606,17.07105827331543,0.9836807250976562,1,1.0,0.9942862051227522,1.0,0,1
604898147383383296,132.92914188378307,11.683223361001925,14.919376373291016,0.5946578979492188,1,0.016666666666666666,0.005810686282308992,0.005547719399084898,0,0
604898177447459584,132.90530418481484,11.675515825892248,19.202396392822266,0.7613353729248047,1,0.0,2.7412841194409306e-05,0.0,0,0
604898181743130368,132.8986077595311,11.686116496368625,17.7225284576416,0.4450855255126953,1,0.0,8.961292032049452e-05,0.0,0,0
604898211807205504,132.91000615929593,11.691702155886887,16.116764068603516,0.7558908462524414,1,1.0,0.9999825060815746,1.0,0,1
604898246166933504,132.86636497199126,11.6674732186419,17.356447219848633,0.904672622680664,1,1.0,0.9998429961347106,1.0,0,1
604898250462621312,132.8646165093744,11.66643754115875,19.814456939697266,0.64697265625,1,0.0,2.741027921420171e-05,0.0,0,0
604898250462674176,132.87318079607272,11.676164038158612,19.37108612060547,0.470916748046875,1,0.0,2.7407992888873496e-05,0.0,0,0
604898314886415232,132.8523662337344,11.68082194390534,17.857074737548828,0.629974365234375,1,0.005555555555555556,8.950225778720459e-05,0.0,0,0
604898314886415744,132.85705220990582,11.682440599343105,19.177839279174805,1.146657943725586,1,1.0,0.9944354819445097,1.0,0,1
604898314886418304,132.85431949854402,11.68825469500016,19.41183853149414,0.6119651794433594,1,0.0,2.741027921420171e-05,0.0,0,0
604898319182097152,132.86020053787007,11.67977215062721,16.42714500427246,0.5612726211547852,1,0.0,2.7404425151666104e-05,0.0,0,0
604898319183680000,132.86033121453025,11.675504440842964,20.028366088867188,1.2200069427490234,1,0.0,0.0002342846546795605,0.0,0,0
604898387901560704,132.8896958687825,11.699882501825595,20.120450973510746,0.3936710357666016,1,0.0,2.7407707332763735e-05,0.0,0,0
604898417965938816,132.89772679185972,11.703890532229847,20.213993072509766,1.1420402526855469,1,0.0,0.005561051751531847,0.0,0,0
604898456621037824,132.8856838602687,11.701443190214748,14.370695114135742,0.5703325271606445,1,1.0,0.9999825060815746,1.0,0,1
604898490980772352,132.89615520371964,11.712988045005972,16.61216163635254,0.8227510452270508,1,1.0,0.9999825055714195,1.0,0,1
604898490980773888,132.89529480794988,11.704942937468884,19.70874786376953,-0.168609619140625,1,1.0,0.9359540698299391,0.9777906371660513,0,1
604898490980774784,132.88856418347368,11.706026772282783,18.984394073486328,1.0773029327392578,1,1.0,0.999723991453675,1.0,0,1
604903438783070208,132.9803089869965,11.712932711978723,18.64453887939453,1.0536384582519531,1,0.9888888888888889,0.9997240480144199,0.9944440094410814,0,1
604903438783071616,132.9761209442398,11.711363488147589,19.446239471435547,1.1193904876708984,1,0.9833333333333333,0.9777502094952282,1.0,0,1
604903438783072128,132.97352167929623,11.712991183839351,20.09988021850586,1.074289321899414,1,0.0,0.0,0.0,0,0
604904022898639232,132.93600366168363,11.697505091868935,13.069575309753418,0.4463024139404297,1,1.0,0.9999825056640345,1.0,0,1
604904057258372736,132.94620384817577,11.708268332778824,15.091989517211914,0.5689964294433594,1,1.0,0.9999825060815746,1.0,0,1
604904057258375168,132.93966996765522,11.702829082019846,16.967618942260742,0.4813499450683594,1,0.0,8.949622496416923e-05,0.0,0,0
604904156041874560,132.95189365423684,11.706350079233793,13.885436058044435,0.4683961868286133,1,1.0,0.9999825056508855,1.0,0,1
604904194697320192,132.95752076993415,11.719100115947327,17.797903060913086,0.9650821685791016,1,1.0,0.9998429279863091,1.0,0,1
604904229057060992,132.9509125654497,11.72183465659906,17.548154830932614,0.8496208190917969,1,0.0,0.006213502713182758,0.0,0,0
604904229057064320,132.94428805665652,11.71242307715776,16.349296569824222,0.8118648529052734,1,1.0,0.9999825056200601,1.0,0,1
604904263416796416,132.9540253392064,11.727738379240767,15.0794038772583,0.5754108428955078,1,1.0,0.9999825060815746,1.0,0,1
604904263416797440,132.95229235246322,11.725346513913289,16.714752197265625,0.8104047775268555,1,1.0,0.9999217612910201,1.0,0,1
604904293480826624,132.91581984950705,11.715103894105678,14.186372756958008,0.50457763671875,1,0.0,0.0002513024690475367,0.0,0,0
604904293480903808,132.91518550153515,11.707837377819985,16.256420135498047,0.7264461517333984,1,1.0,0.9999825060815746,1.0,0,1
604904297776551680,132.91136132228402,11.710377882388086,13.978697776794435,0.4707479476928711,1,1.0,0.999982506383019,1.0,0,1
604904297776551808,132.91489461097612,11.703011283997805,15.545191764831545,0.42629528045654297,1,0.0,2.740119080669431e-05,0.0,0,0
604904327840647552,132.9194334886458,11.719878762882125,18.90976333618164,0.8110561370849609,1,0.0,2.7410052890233368e-05,0.0,0,0
604904332136281856,132.92471919963057,11.726992089258351,12.564291000366213,0.44968700408935547,1,1.0,0.9999825056640345,1.0,0,1
604904396560128256,132.91366168197786,11.72652641510808,16.133209228515625,0.7075119018554688,1,1.0,0.9999825060815746,1.0,0,1
604904469575224576,132.94745009257645,11.745119159676474,14.542594909667967,0.5342187881469727,1,0.0,0.005810489521500605,0.005555555555555556,0,0
604904469575228160,132.94795391307312,11.731805531952894,19.36579704284668,0.997314453125,1,0.0,0.0,0.0,0,0
604904469575229696,132.94148763353581,11.735921979596029,13.242063522338867,0.44594383239746094,1,1.0,0.9999825056640345,1.0,0,1
604904499639351936,132.9265717584037,11.74133838093693,17.182086944580078,0.6503105163574219,1,0.0,8.950679308016783e-05,0.0,0,0
604904533998990592,132.9322467692491,11.754114740587678,12.958710670471193,0.4362068176269531,1,1.0,0.9999825057011803,1.0,0,1
604904533999090432,132.92908413384123,11.743780792369002,18.670333862304688,0.6720561981201172,1,0.0,2.740814293788332e-05,0.0,0,0
604904533999093248,132.94264536761125,11.747702021740176,17.834970474243164,0.6015968322753906,1,0.0,8.950225778720459e-05,0.0,0,0
604904572654435456,132.9748911707857,11.724246443279824,15.93160915374756,0.6924676895141602,1,1.0,0.9999825060815746,1.0,0,1
604904607014167296,132.99604983131928,11.73547768140701,16.53835105895996,0.5592508316040039,1,0.0,0.005583954770947894,0.0,0,0
604904641373911296,132.9703186145397,11.735482420403102,15.430449485778807,0.6057977676391602,1,1.0,0.9999825060815746,1.0,0,1
604904641373912960,132.96264339018686,11.74128423823179,16.64638328552246,0.8745183944702148,1,1.0,0.9999825048758623,1.0,0,1
604904774517548544,132.99068736209992,11.76011480116719,20.677154541015625,1.1223011016845703,1,0.0,0.011123876420474691,0.005562102609361999,0,0
604904808882146688,132.99798924431906,11.765632010359173,20.07521247863769,1.0435829162597656,1,0.022222222222222223,0.005560015076064269,0.0,0,0
604904813172593408,132.99245657170178,11.768923359219706,19.926902770996094,0.6933631896972656,1,0.0,0.005584609357932811,0.0,0,0
604904813174193536,132.99916374730458,11.762114938255731,19.666460037231445,1.1694374084472656,1,0.9666666666666667,0.9721880938256365,0.9722039523371849,0,1
604904843236736256,132.95036027466801,11.746059183069216,18.69953727722168,0.8460292816162109,1,0.0,0.0,0.0,0,0
604904847532342272,132.95878233483742,11.75008277408756,13.630523681640625,0.4769716262817383,1,0.9944444444444445,0.9999825063961669,1.0,0,1
604904881892076032,132.96823803581904,11.764310233565205,17.943571090698242,0.9903926849365234,1,1.0,0.9998429306943547,1.0,0,1
604904950611554432,132.95912721713935,11.768575771671731,10.512736320495604,0.632105827331543,1,1.0,0.9999825063961669,1.0,0,1
604905015035445504,132.9818854193303,11.77862739582642,18.066192626953125,0.980520248413086,1,1.0,0.9894200057587784,0.988887764777592,0,1
604905019331023104,132.98638410615342,11.78182672677536,16.211509704589847,0.7967519760131836,1,0.9944444444444445,0.999982506383019,1.0,0,1
604905053690766208,132.97035923901612,11.776606866665617,15.615606307983398,0.7374296188354492,1,1.0,0.999982506383019,1.0,0,1
604906290641338752,133.01123726963434,11.776992359684167,19.139249801635746,1.061492919921875,1,1.0,0.9881618626115117,1.0,0,1
604906531159506304,133.00615144346625,11.792891779831061,18.91310310363769,1.057756423950195,1,0.9722222222222222,0.9888866524348993,0.9777770561498543,0,1
604906565519358464,132.98572104377084,11.790265575793764,14.22317600250244,0.4898166656494141,1,1.0,0.9999825056508855,1.0,0,1
604906599878982528,133.00156336021362,11.803782141877234,17.24549674987793,0.6154441833496094,1,0.016666666666666666,0.005647641905247618,0.0,0,0
604906599878983296,132.99490023976676,11.809409747792216,17.366262435913086,0.6985797882080078,1,0.0,0.005648308804156451,0.0,0,0
604906599878983680,132.9949272820713,11.804111229722764,15.329977989196776,0.6048831939697266,1,1.0,0.999982506383019,1.0,0,1
604906599878984192,132.9922254603569,11.8064499753111,18.80192756652832,0.39943695068359375,1,0.0,0.005591512650045236,0.0,0,0
604906599878984832,132.9920200865601,11.804447382046574,15.727015495300293,0.7280912399291992,1,1.0,0.999982506383019,1.0,0,1
604909142499704704,132.75278966075314,11.6781379700168,15.142608642578125,0.5827999114990234,1,1.0,0.9999825060917952,1.0,0,1
604909206923481088,132.73619347840636,11.687757105695407,17.416284561157227,0.7304439544677734,1,0.005555555555555556,8.94949885242936e-05,0.0,0,0
604909206923481216,132.73554220117674,11.68910980754416,17.77000617980957,0.8590202331542969,1,0.005555555555555556,0.0004253374104895799,0.0111119271585781,0,0
604909206923484160,132.7305037700773,11.69437865126176,17.226446151733402,0.8640556335449219,1,0.016666666666666666,0.04120993828535074,0.011111111111111112,0,0
604909417376852096,132.7219077994847,11.700609165162371,20.854373931884766,0.1610088348388672,1,0.0,2.74397809705698e-05,0.005558270438332159,0,0
604909550521159552,132.81494185562178,11.663096132286329,20.035982131958008,1.2439231872558594,1,0.005555555555555556,0.0,0.0055636808519951165,0,0
604909589175354752,132.79708535200277,11.666847676127484,16.665338516235348,1.082315444946289,1,0.0,0.0,0.005562102609361999,0,0
604909589176298112,132.79333251409088,11.66763155993526,18.55000305175781,0.7744846343994141,1,0.0,2.741095895747923e-05,0.0,0,0
604909589176299904,132.78754790384738,11.66019429557375,19.713624954223636,1.1802444458007812,1,0.0,0.00023427134497233486,0.016669133544459654,0,0
604909589177870976,132.79486962131747,11.664127724499213,14.476865768432615,0.5207767486572266,1,1.0,0.9944264945587448,0.9944442526912063,0,1
604909619240334592,132.79359097370622,11.672792756073868,19.343191146850586,1.107034683227539,1,0.9666666666666667,0.9777498945672062,0.9777596939618979,0,1
604909657895767680,132.82930655944386,11.671026649492779,13.576004981994627,0.4482583999633789,1,1.0,0.9999825056640345,1.0,0,1
604909692255500544,132.8440542372361,11.68279263514648,16.95539665222168,0.8348770141601562,1,1.0,0.9998430023770123,1.0,0,1
604909726615245824,132.81511182740422,11.678306399569035,19.609699249267575,1.0485496520996094,1,0.0,0.0,0.0,0,0
604909726615246080,132.8096958733922,11.685882883389542,14.329582214355467,0.4916572570800781,1,1.0,0.9999825053494158,1.0,0,1
604909726615246336,132.81596566155284,11.675077696913819,14.613161087036133,0.5256719589233398,1,1.0,0.9999825053494158,1.0,0,1
604909756679597184,132.83284335976714,11.69117703871756,19.882516860961914,1.203939437866211,1,0.0,0.016820479893056527,0.005557531178467313,0,0
604909756680568960,132.82776587514354,11.685078643146465,19.112112045288086,0.997173309326172,1,0.005555555555555556,0.001751598869148471,0.005555654512961616,0,0
604909760974980608,132.8281430475994,11.686581865758574,15.91357135772705,0.49151611328125,1,0.0,2.7407670312062404e-05,0.0,0,0
604909760974981120,132.82663841305776,11.684489296708648,16.221019744873047,0.8334674835205078,1,1.0,0.9999825060815746,1.0,0,1
604909894118250240,132.77690926370232,11.692732870373405,17.6694278717041,1.0072898864746094,1,1.0,0.9998429717180354,1.0,0,1
604909894118735360,132.78056987616995,11.696132335255587,19.53841209411621,1.1905555725097656,1,0.9944444444444445,0.9846783633817279,0.9888413951585103,0,1
604909898413942656,132.77897438448423,11.6969404132797,15.323898315429688,0.6608438491821289,1,1.0,0.9999825060917952,1.0,0,1
604909928477987584,132.79488557148784,11.690087126783345,18.744428634643555,1.0447025299072266,1,1.0,0.9999217450330855,1.0,0,1
604909967133410688,132.81479160042275,11.708184497943675,19.593564987182614,1.1429061889648438,1,0.9444444444444444,0.9499327210582261,0.9888820907178179,0,1
604909967133412096,132.81474915009628,11.701016193986721,20.320709228515625,1.248931884765625,1,0.005555555555555556,0.00011451921314891175,0.011115260412534845,0,0
604909967135002624,132.81747585422457,11.698902603547767,20.363601684570312,0.7251987457275391,1,0.016666666666666666,0.00025129959838745815,0.0,0,0
604910035852888320,132.8092653247289,11.711351768644779,19.21361541748047,0.6471748352050781,1,0.0,2.7407707332763735e-05,0.0,0,0
604910070212621568,132.84567665229997,11.685159898712465,15.930838584899902,0.5930290222167969,1,0.0,0.00025123632198260725,0.005556636861923706,0,0
604910070214201728,132.84951815287687,11.694784819899015,20.14626693725586,0.4286327362060547,1,0.0,2.7407707332763735e-05,0.0,0,0
604910100276687232,132.86176743835276,11.706519549183442,17.541812896728516,0.9431705474853516,1,1.0,0.9998429854461297,1.0,0,1
604910104572353792,132.863622577232,11.69966534794256,16.471786499023438,0.4717912673950195,1,0.0,2.740119080669431e-05,0.0,0,0
604910207651561984,132.87192704610806,11.713117614959565,17.605045318603516,0.4997653961181641,1,0.0,8.953090353984869e-05,0.0,0,0
604910207651564160,132.8716215710571,11.703315876097651,15.583746910095215,0.4547491073608398,1,0.0,2.740119080669431e-05,0.0,0,0
604910207651564544,132.8667946032469,11.709671640480632,17.831443786621094,1.0249900817871094,1,1.0,0.9831712042288454,0.9833324209248845,0,1
604910207651567360,132.86020310579264,11.710872912074132,16.25115966796875,0.7242574691772461,1,1.0,0.9999825060815746,1.0,0,1
604910237715563904,132.87040014621948,11.719096645613975,15.241742134094238,0.6097307205200195,1,1.0,0.9999825060815746,1.0,0,1
604910242011295872,132.88348521758044,11.722476931790593,18.58844566345215,0.8438568115234375,1,0.0,0.0,0.0,0,0
604910276371040768,132.85906389030285,11.723514875382113,17.84868812561035,0.6075458526611328,1,0.0,8.950225778720459e-05,0.0,0,0
604910310730777472,132.8600836880833,11.730749100857048,11.24974250793457,0.09853267669677734,1,1.0,0.9999825064333097,1.0,0,1
604910340794779264,132.8253723308156,11.715199750360565,13.132758140563965,0.4599485397338867,1,1.0,0.9999825056640345,1.0,0,1
604910340794780032,132.82159618308165,11.71017268679667,14.357657432556152,0.5276432037353516,1,1.0,0.9999825053494158,1.0,0,1
604910379450263168,132.8409452969852,11.721588315349422,14.332539558410645,0.4973917007446289,1,1.0,0.9999825053494158,1.0,0,1
604910379451846784,132.83696256594592,11.726481533787034,19.61234474182129,1.0063133239746094,1,0.0,0.005558078796931952,0.0,0,0
604910443873993600,132.82635064638183,11.723653029684677,13.27826976776123,0.4551753997802734,1,1.0,0.9999825056640345,1.0,0,1
604910448169742208,132.82328417453144,11.731291141781814,20.052446365356445,0.612701416015625,1,0.0,2.74109432163872e-05,0.0,0,0
604910478233820672,132.84158092402805,11.729193511076984,16.31107521057129,0.7367382049560547,1,1.0,0.9999825060815746,1.0,0,1
604910482529472256,132.84879793556559,11.736309207785284,19.278919219970703,1.1221466064453125,1,1.0,0.9997439198543667,1.0,0,1
604910482529476352,132.8439876142603,11.726574713764537,18.579036712646484,0.448354721069336,1,0.0,2.744209337027179e-05,0.0,0,0
604910516889205120,132.86072652009668,11.739333795868552,15.150799751281738,0.481633186340332,1,0.0,2.7423618708879734e-05,0.005556089348643734,0,0
604910546953207680,132.84065109963007,11.734733584507469,14.007550239562988,0.5105152130126953,1,1.0,0.9999825056508855,1.0,0,1
604910546953300608,132.83911145355594,11.733567339325614,16.61869239807129,0.793278694152832,1,1.0,0.9999825055714195,1.0,0,1
604910546957961216,132.83405747072837,11.740988967121297,20.73292732238769,0.5815811157226562,1,0.0,0.00039866969643134997,0.01665948082209805,0,0
604910551248951680,132.84281321108605,11.735826230673556,16.039472579956055,0.7019882202148438,1,1.0,0.9999825060815746,1.0,0,1
604910581313043584,132.8477308835006,11.746155219553595,17.512157440185547,1.018625259399414,1,1.0,0.9998429854461297,1.0,0,1
604910581313218176,132.84819936931743,11.748389195778609,20.205158233642575,1.121755599975586,1,0.9666666666666667,0.9388839359469626,0.9833331846780516,0,1
604910585607734912,132.83930696438577,11.749013052351975,19.82530212402344,1.2242774963378906,1,0.044444444444444446,0.0502222041724086,0.044460249427738505,0,0
604910585608687488,132.84241024342649,11.744147045118535,17.235071182250973,0.5639991760253906,1,0.0,8.950679308016783e-05,0.0,0,0
604910650032496512,132.76868134613954,11.696969048873198,18.37458038330078,1.3950920104980469,1,1.0,0.9790273567333867,0.9888468162902938,0,1
604910650032795392,132.76729365449296,11.69350761739495,19.83045196533203,0.8335304260253906,1,0.0,0.0,0.0,0,0
604910654328188032,132.76660173828176,11.706643886757787,14.402671813964846,0.4538459777832031,1,0.0,0.0002511898744551834,0.0,0,0
604910654328188416,132.76582438314415,11.703137548951766,19.884103775024414,1.1342430114746094,1,1.0,0.9722102304713557,0.9777647054631662,0,1
604910688687928576,132.75541795747606,11.699663661408358,13.357632637023926,0.4427909851074219,1,1.0,0.9999825056742555,1.0,0,1
604910688687929856,132.7469570053843,11.702826945836573,20.229780197143555,0.7164840698242188,1,0.0,2.7410444758018653e-05,0.0055563857069113225,0,0
604910860486611328,132.78591244440446,11.733182260764279,18.422550201416016,0.5744075775146484,1,0.005555555555555556,2.7406871250804088e-05,0.0,0,0
604910860486613632,132.77393574800624,11.729701204963089,13.871636390686035,0.5170812606811523,1,1.0,0.9999825056611066,1.0,0,1
604910924910708224,132.74727141984206,11.717062286699495,20.036285400390625,1.1385765075683594,1,0.022222222222222223,0.0445189630237164,0.027789390344805737,0,0
604910924910708992,132.7400409665258,11.719419390644498,19.990129470825195,1.2734298706054688,1,0.0,0.0,0.011127361703990233,0,0
604910959270152704,132.72060475258832,11.720521304306295,16.712900161743164,0.6423397064208984,1,0.0,2.7400812397400835e-05,0.0,0,0
604910997925573632,132.73691266003013,11.731703879524936,19.42437171936035,0.4417552947998047,1,0.0,2.740619142411673e-05,0.0,0,0
604911027994078976,132.762128168279,11.731073611761847,20.435766220092773,0.8726043701171875,1,0.0,0.0,0.0,0,0
604911062349553664,132.77723681375198,11.739928311919739,19.84164047241211,0.451812744140625,1,0.0,2.7407503367756887e-05,0.0,0,0
604911096708974080,132.74850835612648,11.735563638581533,14.423698425292967,0.5772409439086914,1,1.0,0.9999825060917952,1.0,0,1
604911135364520448,132.7584908779304,11.755297369497914,14.785978317260742,0.5413923263549805,1,1.0,0.9999825063932393,1.0,0,1
604911135364522240,132.75548464328514,11.743323979863575,19.064434051513672,0.6215057373046875,1,0.0,2.740669663456623e-05,0.0,0,0
604911135364522368,132.75638043916936,11.741397351613386,18.553178787231445,0.8310642242431641,1,0.005555555555555556,0.02778660395504087,0.011112701247397218,0,0
604911199788235648,132.81779657290343,11.742470236647662,13.30168914794922,0.4655370712280274,1,1.0,0.9999825056640345,1.0,0,1
604911204083987328,132.81021451545053,11.744709106603914,15.467181205749512,0.6179542541503906,1,1.0,0.9999825060815746,1.0,0,1
604911204083989120,132.80616285242166,11.74049496958651,19.68996238708496,1.2020492553710938,1,0.0,0.01643823122458236,0.005557531178467313,0,0
604911234148068224,132.80101964425225,11.737627691563047,19.66435432434082,0.6034488677978516,1,0.0,2.741045358987707e-05,0.0,0,0
604911238443732352,132.7930224994115,11.730445853681864,18.57144927978516,0.9527149200439452,1,0.0,0.005542492005819916,0.0,0,0
604911307163200000,132.82379425742133,11.741530484622633,14.996419906616213,0.6728839874267578,1,1.0,0.9999825060815746,1.0,0,1
604911341522931328,132.83605102065158,11.75702380675386,15.502830505371096,0.7056713104248047,1,0.9666666666666667,0.9666556347445938,0.9722214958345944,0,1
604911341522931968,132.83352364065556,11.757603237477904,20.234872817993164,0.8502292633056641,1,0.0,0.0,0.0,0,0
604911341522932352,132.8366395258635,11.750680669965405,12.9467134475708,0.4680242538452149,1,0.8722222222222222,0.8499773891336091,0.883329673211574,0,1
604911371587031552,132.81102731526175,11.756737559354374,18.467618942260746,0.6527366638183594,1,0.005555555555555556,2.7410784575373887e-05,0.0,0,0
604911375882674176,132.82003534411137,11.761571302524905,13.96726131439209,0.5291709899902344,1,1.0,0.999982506383019,1.0,0,1
604911375882674560,132.822807019762,11.756295528341019,9.258213996887207,0.8109827041625977,1,1.0,0.9999825063961669,1.0,0,1
604911405946776448,132.8185821196343,11.768727532330567,18.856637954711914,1.0804214477539062,1,1.0,0.9943635538087062,1.0,0,1
604911410242411136,132.8222911797527,11.767553359645758,13.777425765991213,0.4629783630371094,1,1.0,0.999982506383019,0.9944442526912063,0,1
604911478961156224,132.79737985749054,11.754655448295695,20.41383934020996,0.6485862731933594,1,0.016666666666666666,0.016673012703198774,0.01666905137156282,0,0
604911478961895424,132.7990288171814,11.756134765684447,10.008405685424805,-0.05895423889160156,1,1.0,0.9888711667930239,0.9944443484185728,0,1
604911478961895808,132.79889171120143,11.755052549873982,16.939386367797848,1.5432615280151367,1,0.0,0.050189835997920915,0.04329403641021962,0,0
604911478961897472,132.7931120328573,11.75231016115714,18.056795120239254,0.6491889953613281,1,0.0,8.951122803463226e-05,0.0,0,0
604911509025877248,132.77006290559672,11.765787924725634,13.367362022399902,0.4722328186035156,1,1.0,0.9999825056742555,1.0,0,1
604911547681373184,132.78594423114305,11.769934829752874,13.283350944519045,0.4463949203491211,1,1.0,0.9999825064063871,1.0,0,1
604911547681374080,132.78060820303236,11.774410307505127,15.154756546020508,0.5794963836669922,1,1.0,0.9999825063932393,1.0,0,1
604911547681374976,132.7835911910095,11.762928148289983,17.485126495361328,0.918071746826172,1,1.0,0.9942863228238942,1.0,0,1
604911547681375872,132.77988810896557,11.761966446492323,15.649161338806152,0.5792064666748047,1,0.0,2.7401650490719677e-05,0.0,0,0
604911577745908352,132.8047143790443,11.769954087130944,19.42949867248535,1.1829547882080078,1,0.9944444444444445,0.9833068277616058,1.0,0,1
604911582040372224,132.79888911443857,11.763206763865776,20.582199096679688,1.0642013549804688,1,0.011111111111111112,0.005563191218989383,0.0,0,0
604911582041106816,132.8058131327574,11.771105867939065,19.120758056640625,0.6005191802978516,1,0.0,2.7407503367756887e-05,0.0,0,0
604911582041107456,132.80117906395006,11.77257446108628,13.054901123046875,0.4682703018188477,1,1.0,0.9999825056640345,1.0,0,1
604911616400842624,132.81034420635478,11.778522381198487,20.071277618408203,0.998332977294922,1,0.0,0.0,0.0,0,0
604911650760586624,132.79126622156454,11.77136341698232,14.379579544067385,0.5168590545654297,1,1.0,0.9999825056611066,1.0,0,1
604911680824692480,132.7974905999688,11.786379278408976,17.47607421875,1.0716609954833984,1,1.0,0.9940851487481988,1.0,0,1
604911680824694400,132.8039751987078,11.787779051463561,19.153268814086914,0.3878154754638672,1,0.0,2.744109613214371e-05,0.0,0,0
604911680824696064,132.80284614752156,11.791561048959148,19.77555274963379,1.1223869323730469,1,0.0,0.011363075703429135,0.0,0,0
604911685120318592,132.8091032199003,11.787141815385187,17.79781723022461,0.9444465637207032,1,1.0,0.9942841405799803,1.0,0,1
604913914207657600,132.7203789176219,11.729636349246473,17.12997055053711,0.7740211486816406,1,0.0,8.95046235716865e-05,0.0,0,0
604913918503337728,132.7222203252625,11.727778451914373,14.216731071472168,0.5317821502685547,1,0.022222222222222223,0.033340349824857445,0.03334586205485973,0,0
604913948567397888,132.7208508146534,11.734016210137082,17.432916641235348,0.9180850982666016,1,1.0,0.9998429889550323,1.0,0,1
604913952863073920,132.7281451731343,11.737263675667396,16.823188781738278,0.8341989517211914,1,1.0,0.9998430029645857,1.0,0,1
604913952863074688,132.72263104008843,11.742952668429586,13.44774341583252,0.4872264862060547,1,1.0,0.999982505680865,1.0,0,1
604913982927427456,132.70143587524686,11.739581387976205,20.426809310913086,1.2084369659423828,1,0.027777777777777776,0.05558088103225685,0.011133168811945492,0,0
604913987222816768,132.70692858952987,11.733365820749187,16.0865478515625,0.7392139434814453,1,0.9888888888888889,0.9666756521721972,0.9833313505662774,0,1
604914051646619136,132.74644404081508,11.747704495318187,19.834074020385746,0.9912586212158204,1,0.0,0.0,0.0,0,0
604914051646976000,132.73571271942237,11.75593019548325,20.164718627929688,0.2996444702148437,1,0.0,0.00025123757874609697,0.0,0,0
604914055942336000,132.73421703307378,11.75438256673151,15.818504333496096,0.7730836868286133,1,0.9777777777777777,0.9777683411330107,0.9666737594138248,0,1
604914086006367232,132.7458477511432,11.764240159074586,16.341421127319336,0.6691093444824219,1,0.0,0.00025123953596303014,0.0,0,0
604914159021501184,132.7325343117316,11.764867012515055,17.884416580200195,1.008056640625,1,1.0,0.9998429720666526,1.0,0,1
604914193381246336,132.69849308934292,11.752866575151346,16.160249710083008,0.7948198318481445,1,1.0,0.9944268335886614,0.9944443468373195,0,1
604914223445599360,132.71250260063823,11.757369499059,20.53958320617676,1.1016082763671875,1,0.0,0.00023418164138733663,0.0,0,0
604914227740983936,132.70269971563502,11.751322741169176,17.884557723999023,0.9820384979248048,1,0.9944444444444445,0.9942841539174216,1.0,0,1
604914257805058048,132.68747964362058,11.762555653724887,17.72486686706543,0.2850971221923828,1,0.0,8.960909134338052e-05,0.0,0,0
604914330820196224,132.70743844824864,11.769962597002909,19.079668045043945,0.4888439178466797,1,0.0,2.740669663456623e-05,0.0,0,0
604914395244015232,132.7052356956534,11.770734951864982,17.95787239074707,0.5567665100097656,1,0.0,8.950848876610043e-05,0.0,0,0
604914433899218048,132.71301106594157,11.792145627262387,17.80261993408203,0.9851703643798828,1,0.0,0.01650057139827051,0.005559234292071387,0,0
604914433899407744,132.7205082743447,11.78698626143658,19.44021224975586,0.6124973297119141,1,0.0,2.740619142411673e-05,0.0,0,0
604914468259195904,132.76503653989428,11.771475948668492,15.985376358032227,0.5308618545532227,1,0.0,2.7400812397400835e-05,0.0,0,0
604914502618876416,132.7650165163331,11.781978023014345,19.300302505493164,1.116350173950195,1,1.0,0.9941659206980974,1.0,0,1
604914567042715136,132.76377014960678,11.786337300675475,18.455018997192386,0.9266834259033204,1,0.0,0.0,0.0055564846938937216,0,0
604914605698086784,132.77677928197727,11.791840997675381,16.073326110839847,0.7165908813476562,1,1.0,0.9999825063932393,1.0,0,1
604914738841680256,132.7421455805528,11.782113524706533,20.28190803527832,0.8576087951660156,1,0.0,0.00556178568556873,0.0,0,0
604914777496782720,132.75644759317666,11.797265827789168,13.358970642089846,0.4686307907104492,1,0.9888888888888889,0.9892092885571435,0.9888885053824125,0,1
604914807561046656,132.72304762563545,11.80296244864066,20.250192642211914,1.0598793029785156,1,0.0,0.005560534286014625,0.0,0,0
604914807561160064,132.73375690606153,11.798275974301047,20.263660430908203,1.107574462890625,1,0.9833333333333333,0.9833317259962878,0.9666663693561033,0,1
604914807561160704,132.72369242207918,11.799927782409744,20.14694595336914,1.1549415588378906,1,0.9833333333333333,0.9443947265588478,0.9499705872921239,0,1
604914846216261504,132.74541789668467,11.805345149327435,13.63701057434082,0.4621009826660156,1,0.022222222222222223,0.05005609754673317,0.02223762578374311,0,0
604914846216261888,132.7435015036983,11.801845245685634,15.468981742858887,0.6273908615112305,1,1.0,0.9999825063998482,1.0,0,1
604914876280368768,132.75961113168046,11.797764175492,15.364450454711914,0.4729576110839844,1,0.0,2.7400812397400835e-05,0.0,0,0
604914876284751744,132.7529232278151,11.806482155382767,19.105976104736328,0.67718505859375,1,0.0,2.7408477448892406e-05,0.0,0,0
604914880575997056,132.75502854071894,11.805949714505207,16.365776062011722,0.7534255981445312,1,1.0,0.9999824978449828,1.0,0,1
604914910640118656,132.75972072804413,11.814852928274734,16.008108139038086,0.7085018157958984,1,1.0,0.9999825063932393,0.9944442526912063,0,1
604914944999667328,132.74593915519185,11.815975991085903,13.409649848937988,0.4565572738647461,1,1.0,0.999982505680865,1.0,0,1
604914945000917376,132.7460369930083,11.816688049888606,16.07223129272461,0.7513446807861328,1,1.0,0.9999825063998482,1.0,0,1
604914949295282816,132.75330618262134,11.814653311082745,14.45347785949707,0.5103263854980469,1,1.0,0.9999825056611066,1.0,0,1
604914949295285376,132.7437194774349,11.8121970277052,15.35869312286377,0.6064491271972656,1,1.0,0.9999825063998482,1.0,0,1
604914949295475712,132.7458843388498,11.808088641823154,15.859119415283205,0.6911716461181641,1,1.0,0.9999825063998482,1.0,0,1
604914979359601408,132.75796029125559,11.831424530142444,17.072771072387695,0.8224754333496094,1,0.0,0.0008775341450236212,0.0,0,0
604915189813463808,132.69855150188008,11.797939442900471,13.469440460205078,0.4433021545410156,1,1.0,0.9999825064369638,1.0,0,1
604915563475144832,132.7176931999452,11.810948169654159,15.404582977294922,0.5529994964599609,1,0.0,2.740147594100088e-05,0.0,0,0
604915567769576064,132.71735136567293,11.812347822139063,19.076509475708008,0.6805820465087891,1,0.0,2.7409942523941023e-05,0.0,0,0
604915567770583424,132.713818267236,11.79780028921842,19.618627548217773,1.1373615264892578,1,0.9944444444444445,0.9774855932151596,0.9944338982152802,0,1
604915597835911168,132.7228455775275,11.817187599229207,18.60318946838379,1.0659923553466797,1,0.0,0.005568609375014489,0.0055586980981928895,0,0
604915602131975552,132.72230061209459,11.815933260612367,14.967095375061035,0.5562658309936523,1,0.9944444444444445,0.9999825063998482,1.0,0,1
604915666554365696,132.7157384957936,11.823949093838095,17.405546188354492,1.042551040649414,1,0.0,0.00621571833185955,0.0,0,0
604915670849793408,132.7218336742367,11.827398886230032,18.22346305847168,0.7698478698730469,1,0.016666666666666666,0.022298129396100524,0.0,0,0
604915705209528320,132.73604801230857,11.831840970803485,14.4804048538208,0.5159683227539062,1,1.0,0.9999825056677161,1.0,0,1
604915705209529856,132.73022176888884,11.82690918082263,20.114824295043945,1.0973625183105469,1,0.9777777777777777,0.9722220561870221,0.9555551591414712,0,1
604915739569260672,132.75680585552587,11.83501182449341,19.757383346557614,1.1650676727294922,1,0.044444444444444446,0.0500698058964187,0.02223240890609626,0,0
604915773929005696,132.72993604816617,11.837976463297755,18.663928985595703,0.7016353607177734,1,0.0,2.7412893271228353e-05,0.0,0,0
604915773929005952,132.73136243057542,11.833748889765902,15.709850311279295,0.6190195083618164,1,0.0,2.7400812397400835e-05,0.0,0,0
604915773929008384,132.7213819532105,11.829580808910785,15.15646266937256,0.5784740447998047,1,1.0,0.999982506423816,1.0,0,1
604915808288740224,132.73754877443434,11.851594192354133,19.5518798828125,1.078592300415039,1,0.0,0.0,0.0055636808519951165,0,0
604915808288741120,132.73784300080808,11.843239838815935,19.88888931274414,0.9520320892333984,1,0.0,0.005561815916653674,0.011113292806532516,0,0
604915842648490496,132.69822825924172,11.822563560644578,19.15962219238281,0.8478851318359375,1,0.0,0.0,0.0,0,0
604915842648492544,132.68216687180748,11.824621651959054,19.86482048034668,1.254537582397461,1,0.011111111111111112,0.016702628369688433,0.0,0,0
604915877008228096,132.70003685406516,11.828194396713872,14.36984157562256,0.5129032135009766,1,0.9888888888888889,0.9944266003440076,0.9888885053824125,0,1
604916010151555072,132.72802893283128,11.852591437914667,13.392232894897461,0.4449663162231445,1,1.0,0.999982505680865,1.0,0,1
604916014447171968,132.72947106292995,11.85624260037617,15.16937255859375,0.4417142868041992,1,0.0,2.7400812397400835e-05,0.0,0,0
604916044511505024,132.70324078397962,11.859802170588065,19.450519561767575,0.897064208984375,1,0.0,0.0,0.0,0,0
604916044511897600,132.69580866376606,11.854708555167225,20.39895439147949,1.1545677185058594,1,0.0,0.005559155159719995,0.0,0,0
604916048806915200,132.7066343188389,11.8545110932077,15.971808433532715,0.8012275695800781,1,1.0,0.999982506423816,1.0,0,1
604916083166649728,132.71810307567713,11.86429711547266,19.482479095458984,0.5085544586181641,1,0.0,2.740943719381718e-05,0.0,0,0
604916083166650752,132.71330450438523,11.865848782999727,17.682676315307614,0.9211997985839844,1,1.0,0.9998429432937891,1.0,0,1
604916117525704448,132.89244893662791,11.731497934992408,20.185441970825195,1.0672664642333984,1,0.016666666666666666,0.07783382456573652,0.038963618587828326,0,0
604916117526551680,132.89369951518378,11.730401392480838,14.419957160949707,0.5058183670043945,1,1.0,0.9999825053494158,1.0,0,1
604916151886289152,132.89233733072786,11.73809858209613,18.997051239013672,0.8315334320068359,1,0.005555555555555556,0.0,0.0,0,0
604916181950391936,132.87958956797854,11.7328114290413,17.032236099243164,0.8372249603271484,1,1.0,0.9998430023770123,1.0,0,1
604916181950394240,132.88480426660172,11.739472847045064,17.251703262329098,0.8770751953125,1,1.0,0.9998429961347106,1.0,0,1
604916181950569984,132.87853967358998,11.734096192739566,18.72382354736328,0.7787036895751953,1,0.005555555555555556,2.7411448602044217e-05,0.0,0,0
604916250670049408,132.90912729524874,11.753574565809195,19.95914077758789,1.177350997924805,1,1.0,0.9610761855619605,0.9777647054631662,0,1
604916254965493248,132.92202376053876,11.748080680832205,14.73052215576172,0.542851448059082,1,0.0,2.740119080669431e-05,0.0,0,0
604916254965494528,132.91470558065834,11.750367117572234,15.112006187438965,0.5799970626831055,1,0.9944444444444445,0.999982506383019,1.0,0,1
604916254965496960,132.90797302802162,11.746505198711779,20.242603302001953,1.2026023864746094,1,0.044444444444444446,0.005919820817217802,0.03890341144387195,0,0
604916254965578624,132.91915084423442,11.747709240746767,19.549013137817386,0.4708251953125,1,0.0,2.7407637674111082e-05,0.0,0,0
604916285029788800,132.93007792688795,11.754862332134893,16.95362663269043,0.6884422302246094,1,0.011111111111111112,0.044817564249311874,0.02222745503711567,0,0
604916319389359616,132.8951302070659,11.760422154950373,17.302129745483402,0.9431114196777344,1,1.0,0.9998429881521944,1.0,0,1
604916323684977280,132.89405470643163,11.757304237825622,19.84746551513672,1.112079620361328,1,0.005555555555555556,0.00023409034238951933,0.0,0,0
604916353749267840,132.91138208936334,11.770322824520006,19.47154426574707,1.1391143798828125,1,1.0,0.9941790219446413,0.9944206975792551,0,1
604916358044090624,132.9113395171628,11.760377709261794,20.84938621520996,1.0521602630615234,1,0.0,0.0,0.0,0,0
604916392403823616,132.87316067969408,11.753580740412044,20.7734317779541,1.309600830078125,1,0.005555555555555556,0.061138969135482536,0.011133168811945492,0,0
604916392404461184,132.8739670381513,11.751822932419966,17.22568130493164,0.8849353790283203,1,0.9944444444444445,0.9937087481771799,1.0,0,1
604916422468464768,132.8801036395372,11.764057641284065,12.476053237915039,0.4555635452270508,1,1.0,0.9999825056640345,1.0,0,1
604916426764195200,132.88304340662236,11.756826833439936,19.16443634033203,0.8560829162597656,1,0.0,0.00014666998450356164,0.01110449794740039,0,0
604916426764196224,132.8822481642409,11.752436636335807,15.26098346710205,0.5991878509521484,1,1.0,0.999982506383019,1.0,0,1
604916426764198144,132.87653263731093,11.75164545863066,18.31724166870117,0.9319400787353516,1,0.022222222222222223,0.0004256177323067385,0.011112818849841055,0,0
604916461123939456,132.866500465869,11.758905438725744,20.281103134155273,0.50482177734375,1,0.0,2.7413525761273788e-05,0.0,0,0
604916461123940096,132.86096653441743,11.762029515319195,16.73165512084961,0.7894163131713867,1,0.0,0.01631742718408822,0.0,0,0
604916495483676416,132.86878960472617,11.759402860877273,15.490891456604006,0.6920862197875977,1,1.0,0.999982506383019,1.0,0,1
604916525547792256,132.88590202483664,11.766609791426001,18.23862648010254,1.1119136810302734,1,1.0,0.9942846173964796,0.9944398921322452,0,1
604916525547794304,132.8966996769347,11.769945828134215,16.52235984802246,0.5292491912841797,1,0.0,2.740119080669431e-05,0.0,0,0
604916529843404928,132.89030097021842,11.771142008723615,17.48341178894043,0.9117469787597656,1,1.0,0.9998429988404068,1.0,0,1
604916529843405696,132.8926429456758,11.764866788016887,14.711713790893555,0.6120185852050781,1,1.0,0.999982506383019,1.0,0,1
604916529843406976,132.88893534634798,11.766579373644516,14.979486465454102,0.5781135559082031,1,1.0,0.999982506383019,1.0,0,1
604916559907415040,132.89999250235624,11.775989013779908,12.513200759887695,0.5243263244628906,1,1.0,0.9999825056640345,1.0,0,1
604916559907533952,132.9064626003057,11.772763639650213,17.649032592773438,0.6613178253173828,1,0.0,8.950225778720459e-05,0.0,0,0
604916559907536512,132.90434664402986,11.775803662508132,18.451387405395508,1.1349258422851562,1,0.9833333333333333,0.9888836136829255,0.9777641814356357,0,1
604916564203137280,132.9051594687394,11.782137561557407,13.84825611114502,0.4892139434814453,1,1.0,0.9999825056508855,1.0,0,1
604916594267287040,132.87670859598302,11.783764162731815,17.182395935058597,0.8835716247558594,1,1.0,0.9998429988404068,1.0,0,1
604916598562881280,132.88409552060384,11.782003990516955,15.925077438354492,0.7078371047973633,1,1.0,0.999982506383019,1.0,0,1
604916598562882048,132.884867990325,11.779347612948706,14.407771110534668,0.5330276489257812,1,1.0,0.999982506383019,1.0,0,1
604916598562883456,132.88389862814438,11.776814446431525,17.71916389465332,1.0355339050292969,1,1.0,0.9998429738961254,1.0,0,1
604916598562883968,132.88394717593002,11.77415924756792,15.98287582397461,0.7691879272460938,1,1.0,0.999982506383019,1.0,0,1
604916598562886272,132.87487401793535,11.773384253510866,17.125043869018555,0.8603630065917969,1,1.0,0.9998429988404068,1.0,0,1
604916598564476544,132.88196917949531,11.770357158103256,19.751937866210934,0.9172744750976562,1,0.0,0.0,0.0,0,0
604916632922617088,132.8921190124718,11.782151180709596,14.02858066558838,0.4795446395874024,1,1.0,0.9999825056508855,1.0,0,1
604916667282347392,132.93296867110777,11.760321976017895,16.012033462524414,0.5882253646850586,1,0.0,2.7402139802782103e-05,0.0,0,0
604916667282348032,132.92728057052892,11.766341840590119,15.22825527191162,0.6968097686767578,1,0.0,2.740119080669431e-05,0.0,0,0
604916697346488960,132.93681792799913,11.775272998226535,17.62397003173828,0.9422836303710938,1,1.0,0.9998429306943547,1.0,0,1
604916701642080000,132.94334899041655,11.774074062147493,13.249134063720705,0.4477853775024414,1,1.0,0.9944265915347096,1.0,0,1
604916736001826432,132.9185191314346,11.777172276056481,13.696043968200685,0.4581708908081055,1,1.0,0.9999825056508855,1.0,0,1
604916766065976320,132.93430437217094,11.79302124076468,19.865596771240234,0.966571807861328,1,0.0,0.00023412691714764052,0.0,0,0
604916770361557504,132.93636327609062,11.779444275070045,12.726844787597654,0.6151666641235352,1,1.0,0.9999825063961669,1.0,0,1
604916804721289472,132.95509882982606,11.785976181503177,17.027198791503903,0.6127510070800781,1,0.0,8.950679308016783e-05,0.0,0,0
604916804721291776,132.947537936037,11.786013808580424,14.11557674407959,0.57025146484375,1,1.0,0.999982506383019,1.0,0,1
604916839081021824,132.97710105828384,11.796035093720713,18.7957820892334,0.4673728942871094,1,0.0,2.7442023536720556e-05,0.0,0,0
604916839081025280,132.962378253863,11.796221568765864,15.487611770629885,0.7863492965698242,1,1.0,0.999982506383019,1.0,0,1
604916873440765696,132.95272345917692,11.793212046471831,14.595133781433105,0.5573768615722656,1,1.0,0.999982506383019,1.0,0,1
604916903504793856,132.95388699197713,11.800601182942918,14.330845832824707,0.5030803680419922,1,1.0,0.9999825056508855,1.0,0,1
604916903505266304,132.95475605656745,11.81224104141486,20.804134368896484,0.17161941528320312,1,0.0,2.7410883786405377e-05,0.0,0,0
604916907800500096,132.9646702278124,11.804535793716392,20.14652442932129,1.1422443389892578,1,0.005555555555555556,0.005795224376887343,0.011112557729955189,0,0
604916972224410240,132.92292889927296,11.799802430333983,19.273151397705078,0.5418205261230469,1,0.0,2.7416407576902956e-05,0.0,0,0
604916976519989248,132.92284520452912,11.793367350545322,13.944252967834473,0.4850320816040039,1,1.0,0.9999825056508855,1.0,0,1
604916976519990272,132.9231946318232,11.786977981036127,19.459125518798828,1.1693668365478516,1,0.9888888888888889,0.9888739477839665,0.9944410453589089,0,1
604916976519992192,132.91364071106884,11.79536949987665,16.762136459350586,0.8106136322021484,1,1.0,0.9998430050824935,1.0,0,1
604917006584145792,132.8968414977733,11.794361129231296,18.55705451965332,1.05145263671875,1,1.0,0.9992194739463304,1.0,0,1
604917010879734528,132.90026413767293,11.796390371730174,14.304262161254885,0.5007991790771484,1,1.0,0.9999825056508855,1.0,0,1
604917010879734656,132.90335325752656,11.791128601233167,18.62135887145996,,1,0.0,0.008018934044166565,0.0,0,0
604917045239468544,132.91266321981394,11.798712202154752,13.555791854858398,0.4944400787353516,1,1.0,0.9999825056640345,1.0,0,1
604917113957944960,132.95293021012336,11.818044352234653,18.9375057220459,0.93597412109375,1,0.0,0.0,0.0,0,0
604917113958933120,132.94892354562876,11.811509874832606,18.813207626342773,0.9896488189697266,1,0.0,0.0,0.0,0,0
604917113958934400,132.9421267746419,11.809298890084445,15.799997329711914,0.4701271057128906,1,0.0,2.7407006468431077e-05,0.0,0,0
604917148318674816,132.93103535395755,11.814491582580226,15.486406326293945,0.6302528381347656,1,1.0,0.999982506383019,1.0,0,1
604917148318677120,132.92002126140008,11.818209499276275,13.65659999847412,0.4564905166625977,1,1.0,0.9999825056508855,1.0,0,1
604917182677424768,132.93522716527676,11.829213756048727,19.92263984680176,0.4835739135742188,1,0.0,2.7410883786405377e-05,0.0,0,0
604917212742727424,132.84642613228309,11.773263538067164,19.372047424316406,1.1110172271728516,1,0.0,0.00023441752933859854,0.005558599032333321,0,0
604917217038188288,132.83980053555695,11.768381809009757,11.146683692932127,0.6838665008544922,1,1.0,0.9999825063961669,1.0,0,1
604917281461920256,132.8337997855924,11.778252739493274,12.62425136566162,0.4425649642944336,1,1.0,0.9999825056640345,1.0,0,1
604917281461922432,132.83557756304552,11.768010696262305,13.04232120513916,0.457803726196289,1,1.0,0.9999825056640345,1.0,0,1
604917285756844800,132.83342339463553,11.779292173854454,18.406139373779297,1.4248676300048828,1,1.0,0.9829637871132855,0.9888468162902938,0,1
604917285757662592,132.8418298007512,11.778044916604935,13.048145294189453,0.4538917541503906,1,1.0,0.9999825056640345,1.0,0,1
604917285757663872,132.83289299566326,11.783437016563386,12.022738456726074,0.3821506500244141,1,0.0,0.0556882636154802,0.011121370291738162,0,0
604917285757665920,132.8356724961179,11.771211754506854,12.782082557678224,0.3743724822998047,1,1.0,0.9999825057011803,1.0,0,1
604917320117398144,132.85021284780873,11.786558491337464,13.619301795959473,0.4960231781005859,1,0.005555555555555556,0.0002513024690475367,0.0,0,0
604917320117399936,132.8457332149276,11.778264987012218,18.31561279296875,0.9984493255615234,1,1.0,0.9998429715706141,0.9888880188821626,0,1
604917320118983936,132.85119731670474,11.791210220915213,14.751254081726074,0.5395069122314453,1,1.0,0.999982506383019,1.0,0,1
604917354477128448,132.87455586768021,11.788004957491042,9.234211921691896,0.7982282638549805,1,1.0,0.9999825063961669,1.0,0,1
604917354477131392,132.86804379291274,11.780400784910235,14.73353099822998,0.6301946640014648,1,1.0,0.999982506383019,1.0,0,1
604917354477205120,132.86320964088458,11.782481997112944,20.432144165039066,0.6524429321289062,1,0.005555555555555556,0.016672016959517515,0.0,0,0
604917388836866560,132.87066872744356,11.79526051009603,15.419273376464846,0.6905183792114258,1,1.0,0.9888660852870005,1.0,0,1
604917423195641472,132.85687611938312,11.798238209412926,20.2823429107666,1.1288089752197266,1,0.022222222222222223,0.05003583262482039,0.011136630498598891,0,0
604917423196606848,132.8637038529213,11.792491741296706,14.609119415283205,0.4099512100219727,1,0.0,2.7407006468431077e-05,0.0,0,0
604917453260607488,132.86951967073117,11.800595695400725,13.629350662231445,0.5109081268310547,1,1.0,0.9999825056640345,1.0,0,1
604917457556344320,132.8635223036517,11.802757398041114,17.012088775634766,0.9523983001708984,1,1.0,0.9998429881521944,1.0,0,1
604917487620477056,132.82385074189568,11.781856567155641,15.443939208984375,0.7258119583129883,1,1.0,0.999982506383019,1.0,0,1
604917487620856192,132.8179747834209,11.786456855713613,19.784467697143555,1.2060813903808594,1,0.0,0.0,0.0055576302062674224,0,0
604917491915139200,132.83272567029698,11.784244146597135,16.010381698608402,0.9553709030151368,1,1.0,0.9999825044966467,1.0,0,1
604917491915146368,132.81694052496428,11.787366593837644,18.91178321838379,1.1894207000732422,1,1.0,0.9774762876466456,1.0,0,1
604917491916094336,132.82912472523776,11.78922830296174,17.997207641601562,0.9690876007080078,1,1.0,0.9998429282757468,1.0,0,1
604917491916096896,132.8257203189967,11.779210910473864,19.2209587097168,0.5709247589111328,1,0.0,2.7407707332763735e-05,0.0,0,0
604917526275828992,132.8388886582103,11.802286259052297,18.902175903320312,0.6720447540283203,1,0.0,2.7411448602044217e-05,0.0,0,0
604917526275831040,132.82987263744636,11.798511415909555,13.535529136657715,0.4641752243041992,1,1.0,0.9999825056640345,1.0,0,1
604917526277417856,132.83731691387266,11.799741890268185,20.224159240722656,0.3707427978515625,1,0.0,0.00558580912082592,0.0,0,0
604917560635575808,132.81430795998233,11.792065766969976,12.54517650604248,0.4070444107055664,1,1.0,0.9944268366131668,1.0,0,1
604917560635577472,132.81145056489564,11.78999323335232,12.681729316711426,0.44614219665527344,1,1.0,0.9999825056640345,1.0,0,1
604917590699705344,132.8300138955485,11.807489761993267,17.290668487548828,0.9292335510253906,1,1.0,0.999842988243941,1.0,0,1
604917590699705472,132.8290198908943,11.806032970371135,18.935100555419922,1.05279541015625,1,1.0,0.9936600767322974,1.0,0,1
604917590699706240,132.8287306201609,11.808988457621904,20.121013641357425,0.33152008056640625,1,0.0,2.741581300981816e-05,0.0,0,0
604917590700906624,132.8210755342155,11.808586300939455,18.590473175048828,1.152240753173828,1,1.0,0.9774786628353862,1.0,0,1
604917594995372160,132.8210047945665,11.807433465773814,17.062658309936527,1.008869171142578,1,1.0,0.9998429881521944,1.0,0,1
604917594995372288,132.81544074203345,11.804368627542514,14.208540916442873,0.4394025802612305,1,0.0,2.740119080669431e-05,0.0,0,0
604917594995372544,132.82119757721992,11.804479120262535,9.921911239624023,0.7633876800537109,1,1.0,0.9999825063961669,1.0,0,1
604917625061651328,132.85054101353114,11.80740716146236,16.603622436523438,0.8053531646728516,1,1.0,0.9999825058728815,1.0,0,1
604917625065211008,132.84702966110643,11.7963947662064,16.080549240112305,0.7230806350708008,1,1.0,0.999982506383019,1.0,0,1
604917629354073728,132.84902273870503,11.805027778417527,19.945432662963867,1.2089862823486328,1,0.0,0.0002342846546795605,0.0,0,0
604917629355037568,132.8552415064304,11.803761895867133,13.98533821105957,0.5306396484375,1,1.0,0.999982506383019,1.0,0,1
604917629355038720,132.850311092646,11.806077942155428,12.679014205932615,0.4510507583618164,1,1.0,0.9999825056640345,1.0,0,1
604917629355038848,132.8454253721632,11.813720717979884,12.549205780029295,0.4466466903686523,1,1.0,0.9999825056640345,1.0,0,1
604917629355040896,132.8421994417987,11.807751792394756,15.436182975769045,0.6481485366821289,1,1.0,0.999982506383019,1.0,0,1
604917629355042176,132.84496547830224,11.800481666248837,10.16991901397705,0.6929903030395508,1,1.0,0.9999825063961669,1.0,0,1
604917659419033600,132.8580872508589,11.819144373157412,13.090845108032227,0.4524402618408203,1,1.0,0.9999825056640345,1.0,0,1
604917659419190656,132.85613980132848,11.815269913454971,16.957204818725586,0.9591045379638672,1,1.0,0.9942867325468618,1.0,0,1
604917663714774272,132.85762241691984,11.812667685364394,15.847854614257812,0.6972618103027344,1,1.0,0.999982506383019,1.0,0,1
604917663714774912,132.8583315378282,11.807583116102906,17.29030418395996,0.9062385559082032,1,1.0,0.9998429988404068,1.0,0,1
604917693778923264,132.83285315934972,11.810439023163074,16.58003807067871,0.6885557174682617,1,0.0,2.7404425151666104e-05,0.0,0,0
604917693779073280,132.83837198438846,11.821108300239162,19.65229606628418,1.131561279296875,1,0.005555555555555556,0.054977637016678085,0.022209761624351572,0,0
604917698073552640,132.84293097103156,11.812018820507324,19.98622703552246,1.5611038208007812,1,0.0,0.02222924649360595,0.016686453529446622,0,0
604917698073661952,132.83290451845278,11.811325792496605,18.73725700378418,-0.13647842407226562,1,1.0,0.9798456797793345,1.0,0,1
604917698074520320,132.8362190508644,11.808738405249851,17.790794372558594,1.017995834350586,1,1.0,0.9998429714788479,1.0,0,1
604917698074587136,132.8400304800094,11.817360873933733,14.996792793273926,0.5686349868774414,1,1.0,0.999982506383019,1.0,0,1
604917732433399424,132.84182602002934,11.820684525717896,20.030681610107425,1.142803192138672,1,0.0,0.0,0.0,0,0
604917732434251136,132.84527680950032,11.832136732266285,18.477140426635746,0.8670558929443359,1,0.0,0.0,0.0,0,0
604917732434252032,132.84788105468462,11.818283946187027,15.922245025634766,0.6862668991088867,1,1.0,0.999982506383019,1.0,0,1
604917766793007232,132.8849706312287,11.8060380453076,18.04454040527344,0.6145725250244141,1,0.0,8.9512827328101e-05,0.0,0,0
604917766793981184,132.88567668576638,11.80669028339527,14.014697074890135,0.477996826171875,1,1.0,0.9999825056508855,1.0,0,1
604917796857988480,132.89927206176378,11.814308747137101,13.462918281555176,0.4564027786254883,1,1.0,0.9999825056640345,1.0,0,1
604917831217881728,132.88838980140608,11.814249844635672,12.558520317077635,0.4649085998535156,1,1.0,0.9999825056640345,1.0,0,1
604917831219174528,132.87731954224898,11.815211253437312,13.156976699829102,0.4930181503295898,1,1.0,0.9999825056640345,1.0,0,1
604917835512485248,132.87624057103935,11.815159388803108,17.091047286987305,1.2258644104003906,1,1.0,0.9474981496831303,1.0,0,1
604917835513456512,132.88576013498908,11.814459418206555,11.031843185424805,0.18657398223876956,1,1.0,0.9999825057011803,1.0,0,1
604917835513458816,132.87781612290442,11.81457891942498,15.566226959228516,0.7348346710205078,1,1.0,0.999982506383019,1.0,0,1
604917865577461888,132.8927809566184,11.828838333834529,12.715950965881348,0.4297323226928711,1,1.0,0.9999825057011803,1.0,0,1
604917869873191424,132.89394229148368,11.8185625284514,15.193318367004395,0.6742868423461914,1,1.0,0.999982506383019,1.0,0,1
604917899937362048,132.90945638928758,11.829097877390954,17.822385787963867,0.9546394348144532,1,0.9944444444444445,0.9887437327095465,0.9499972627746536,0,1
604917934296936704,132.9263713838387,11.835454589662035,11.3521728515625,0.6757726669311523,1,1.0,0.9999825063961669,1.0,0,1
604917938592657024,132.92451565493155,11.827119478876623,14.765704154968262,0.5430870056152344,1,1.0,0.999982506383019,1.0,0,1
604917968656982016,132.8966584979393,11.830901780482733,19.68694496154785,1.1766929626464844,1,0.005555555555555556,0.022098728010347145,0.005556278864977594,0,0
604917972951419392,132.89779310017508,11.838665037567642,19.64461326599121,0.5838718414306641,1,0.0,2.741370036926934e-05,0.0,0,0
604917972952400256,132.90301474710134,11.833065379693403,15.300270080566404,0.6015386581420898,1,1.0,0.999982506383019,1.0,0,1
604917972952402048,132.9015906266165,11.826066298861658,16.680030822753903,0.9108266830444336,1,1.0,0.9999217595286191,1.0,0,1
604917972952402816,132.8939571694427,11.833920095231512,19.839319229125977,1.1484146118164062,1,0.03333333333333333,0.04608168411119259,0.07225113603342352,0,0
604918041671889792,132.86723116425335,11.824293743634893,12.667932510375975,0.4058208465576172,1,1.0,0.9888656511298332,0.9944437851036665,0,1
604918041671892352,132.86046098811008,11.822305410733648,13.336247444152832,0.4574251174926758,1,1.0,0.9999825056640345,1.0,0,1
604918071736056960,132.8766344162963,11.834946799901466,15.43586540222168,0.7199869155883789,1,1.0,0.999982506383019,1.0,0,1
604918076031621248,132.88628678852024,11.831773322863974,19.715137481689453,0.956096649169922,1,0.0,0.0,0.0,0,0
604918076031623680,132.8802205325404,11.830856999607134,16.107690811157227,0.8164825439453125,1,1.0,0.999982506383019,1.0,0,1
604918106095629952,132.85846187997177,11.832080585585608,14.533394813537598,0.5463342666625977,1,0.9388888888888889,0.9417599289222979,0.9168633986125329,0,1
604918110391371136,132.85150397017247,11.830684842864347,14.886847496032715,0.5729436874389648,1,1.0,0.999982506383019,1.0,0,1
604918140455365888,132.87445905580122,11.839681960715644,14.18293285369873,0.5538253784179688,1,1.0,0.999982506383019,1.0,0,1
604918140455366528,132.86639751586537,11.836630882922346,14.2340669631958,0.5046253204345703,1,1.0,0.9999825056508855,1.0,0,1
604918174815279616,132.8881993270851,11.850604213854925,18.984113693237305,1.090290069580078,1,1.0,0.9941645405424394,0.9944440094410814,0,1
604918174821042176,132.89670252588184,11.840471173709659,18.53653717041016,1.0993518829345703,1,0.0,0.00580320382370437,0.0,0,0
604918179110834560,132.8861179141424,11.84191682857874,15.50866985321045,0.6244592666625977,1,1.0,0.999982506383019,1.0,0,1
604918179110923392,132.89268700719853,11.848460302513542,13.557446479797365,0.4422149658203125,1,1.0,0.9999825063961669,1.0,0,1
604918179110939264,132.88140648350893,11.84229874502202,19.10272026062012,1.1179485321044922,1,1.0,0.9994677779509362,1.0,0,1
604918213470564992,132.90764848085288,11.849179731498774,13.323230743408205,0.4541664123535156,1,1.0,0.9999825056640345,1.0,0,1
604918213472162432,132.89293114779957,11.852903646602671,10.878589630126953,0.22218704223632807,1,1.0,0.9999825057011803,1.0,0,1
604918243534758400,132.87072904756974,11.85384815368228,17.047454833984375,0.8611793518066406,1,1.0,0.9998429988404068,1.0,0,1
604918247830308096,132.8877355451232,11.854447412714435,15.02177619934082,0.5909767150878906,1,0.9944444444444445,0.9944268205914087,1.0,0,1
604918247830309376,132.88293843194865,11.854615380482144,13.851269721984865,0.4836959838867188,1,1.0,0.9999825056508855,1.0,0,1
604918247830311552,132.87629384835847,11.856157575388933,14.70559310913086,0.5473737716674805,1,1.0,0.999982506383019,1.0,0,1
604918247830312576,132.87479917720938,11.852503672083786,13.943488121032715,0.4804468154907226,1,1.0,0.9999825056508855,1.0,0,1
604918247830312832,132.87941979498777,11.844183771079285,18.89921760559082,1.1162338256835938,1,1.0,0.9994677779509362,0.994444007859635,0,1
604918282189211904,132.88326150035994,11.865313978247025,20.06658744812012,1.1716289520263672,1,0.0,0.0055624741805172006,0.016668836594932783,0,0
604918282190042496,132.89651978050802,11.86096376968749,15.089170455932615,0.5810441970825195,1,1.0,0.999982506383019,1.0,0,1
604918316549769600,132.98155898548345,11.81060336831676,13.733011245727539,0.5074005126953125,1,1.0,0.9999825056508855,1.0,0,1
604918316549769728,132.98552808642546,11.803469658701207,13.816404342651367,0.4659938812255859,1,1.0,0.9999825056508855,1.0,0,1
604918350909506176,132.99104989869042,11.808278022924705,19.580398559570312,1.1263809204101562,1,0.9944444444444445,0.9828577850669296,0.9944371251732582,0,1
604918380975179520,132.96787392012416,11.821019252939566,18.337535858154297,1.1207294464111328,1,1.0,0.9998429559360613,1.0,0,1
604918522708192256,132.99483964635692,11.834028670729893,14.144829750061035,0.5184459686279297,1,0.9444444444444444,0.911912876731173,0.9333257780373225,0,1
604918552772398336,132.99970009862602,11.842951984199653,17.350404739379886,1.002603530883789,1,0.9944444444444445,0.9998429999396954,1.0,0,1
604918552772398720,132.9916670510377,11.843782860188732,18.876941680908203,1.0679054260253906,1,1.0,0.977042904506461,0.9944308567779764,0,1
604918557067929600,132.99514656719245,11.847199506347337,19.083810806274414,0.7450790405273438,1,0.0,0.005585332195399592,0.0,0,0
604918591427678080,132.95809301366094,11.831191333983394,20.559539794921875,0.4079418182373047,1,0.0,2.7410883786405377e-05,0.0,0,0
604918625787414144,132.9715132046149,11.829832022896706,15.794919967651367,0.6494550704956055,1,0.0,2.740119080669431e-05,0.0,0,0
604918625787524480,132.97454257437423,11.837131206613765,20.511829376220703,0.5775947570800781,1,0.0,2.7412966547757488e-05,0.0,0,0
604918655851750272,132.95327706341152,11.833133512899654,20.01360321044922,1.0427932739257812,1,0.0,0.0,0.0,0,0
604918763225791744,132.99219348938416,11.859753901491434,20.82963752746582,0.671966552734375,1,0.0,0.0055858304992075425,0.0,0,0
604918763226358656,132.995735795022,11.85393886852991,14.967571258544922,0.5666790008544922,1,1.0,0.999982506383019,1.0,0,1
604918793290569856,132.97190903708577,11.849504624804926,17.372299194335938,0.9632301330566406,1,1.0,0.9998429999396954,1.0,0,1
604918793290571264,132.97650594820405,11.852271807226172,19.699344635009766,1.0922698974609375,1,0.0,0.0,0.01669104255598535,0,0
604918797585113984,132.96370857123492,11.85442749344618,17.67707633972168,0.4824409484863281,1,0.0,8.951286079245986e-05,0.0,0,0
604919209902956160,132.99410759813009,11.870910106963606,15.070632934570312,0.5796365737915039,1,1.0,0.999982506383019,1.0,0,1
604919244262692352,133.00213407214537,11.874760515293989,15.04802131652832,0.5680904388427734,1,1.0,0.999982506383019,1.0,0,1
604919484780879360,132.92964792570362,11.850578391478525,16.992612838745114,0.9761638641357422,1,0.0,0.022887708580991997,0.005555555555555556,0,0
604919553500348672,132.9606808917203,11.858704068045967,15.560136795043945,0.5112571716308594,1,0.011111111111111112,0.011139467402044207,0.0,0,0
604919553500350720,132.9499364250967,11.86206135241691,19.74489021301269,0.5530300140380859,1,0.0,2.7410883786405377e-05,0.0,0,0
604919583564564096,132.96193564044148,11.869030541349199,15.614151000976562,0.6435918807983398,1,1.0,0.999982506383019,1.0,0,1
604919587860083328,132.96976446882084,11.869795651760226,17.417577743530273,0.9143028259277344,1,0.016666666666666666,0.045798794151725344,0.00555785542991702,0,0
604919587860083840,132.96713511870425,11.872304214470999,20.1692008972168,0.3403797149658203,1,0.0,2.7410883786405377e-05,0.0,0,0
604919617924301184,132.949707193633,11.867357019374836,17.94577980041504,1.0006427764892578,1,1.0,0.9998429999396954,1.0,0,1
604919690939411456,132.91405778104226,11.862673139309711,11.871005058288574,0.656768798828125,1,1.0,0.9999825063961669,1.0,0,1
604919725299045504,132.92558688687976,11.875000406910994,15.864118576049805,0.5200252532958984,1,0.0,0.0055843810046301064,0.0,0,0
604919725299045888,132.92114794606096,11.878340714227019,16.169258117675778,0.6227273941040039,1,0.0,2.740119080669431e-05,0.0,0,0
604919725299047424,132.919383365524,11.86854455190609,16.304115295410153,0.850982666015625,1,0.9944444444444445,0.9999825056875263,1.0,0,1
604919759658790400,132.90095840537822,11.864969620385908,19.986433029174805,0.6980724334716797,1,0.0,2.7410953461559526e-05,0.0,0,0
604919789722799232,132.91265988900622,11.88477378005925,15.213749885559082,0.6721258163452148,1,1.0,0.999982506383019,1.0,0,1
604919789722800256,132.91693931839475,11.878705222461527,13.650681495666506,0.4611997604370117,1,1.0,0.9999825056508855,1.0,0,1
604919794017699968,132.90566362882768,11.87912665847265,20.724891662597656,1.1692657470703125,1,0.0,0.0057999870166651575,0.0,0,0
604919794018524032,132.91482058365125,11.879997181098856,19.535104751586914,1.1968650817871094,1,1.0,0.9663486649462485,0.9777191958533372,0,1
604919824082735104,132.93797150487936,11.875971394435648,15.734622955322266,0.5869054794311523,1,0.0,2.7401223147954153e-05,0.005556087297465762,0,0
604919824082736640,132.92572665070176,11.882423926237186,19.53157615661621,0.5234813690185547,1,0.0,2.7410883786405377e-05,0.0,0,0
604919858442488960,132.9418445362613,11.894480764404145,17.36857795715332,0.8643207550048828,1,0.027777777777777776,0.0332417257567808,0.011113246691018078,0,0
604919927161960448,132.94027144064017,11.898465003340176,16.379919052124027,0.8649673461914062,1,1.0,0.9999825052259911,1.0,0,1
604919965817201152,132.97893567912988,11.884990675728341,15.524312973022461,0.6285467147827148,1,1.0,0.999982506383019,1.0,0,1
604920000176937600,132.9841647470044,11.893260542369097,14.852621078491213,0.5591955184936523,1,1.0,0.999982506383019,1.0,0,1
604920030241180672,132.96139154933945,11.88959708458793,16.316282272338867,0.7645339965820312,1,1.0,0.999982506383019,1.0,0,1
604920030241548928,132.96655357963166,11.895967857052955,19.477012634277344,1.1853065490722656,1,0.005555555555555556,0.02680586878271073,0.022324700138004732,0,0
604920068896532992,132.9815167388501,11.90293998293056,16.672286987304688,0.6238117218017578,1,0.0,2.740393575798338e-05,0.0,0,0
604920171975748224,132.98827353019522,11.90559887085751,17.396188735961914,0.9213905334472656,1,0.9777777777777777,0.9383460662141192,0.9499961335909416,0,1
604920236399979264,132.95848487084604,11.903067651966552,20.11261367797852,1.1702346801757812,1,0.9833333333333333,0.9610797092076302,0.9555294109263324,0,1
604920275054845824,132.9720482526612,11.905413087403677,14.412799835205078,0.5171537399291992,1,1.0,0.9999825056508855,0.9944442229631152,0,1
604920275054846336,132.9679463928932,11.90315447461946,19.132131576538086,1.1138248443603516,1,0.005555555555555556,0.022251866311008724,0.016657523627567002,0,0
604920305119088128,132.93936817162913,11.909813405191207,17.80562973022461,1.0882186889648438,1,0.9944444444444445,0.9996452278369183,0.9944441403082949,0,1
604920305119207936,132.94298575156506,11.912048116044573,20.034229278564453,1.052898406982422,1,0.0,0.0,0.0,0,0
604920309413774080,132.93921266025146,11.912328584253741,20.822345733642575,1.222677230834961,1,0.005555555555555556,0.016699175858513684,0.02223052082506969,0,0
604920339478832000,132.95840168151545,11.921784195817485,18.122970581054688,0.5497360229492188,1,0.0,8.951286079245986e-05,0.0,0,0
604920339478833536,132.95740903412528,11.925682812917687,18.033435821533203,0.9883708953857422,1,0.9944444444444445,0.9998429424904841,0.9944438839703137,0,1
604920343774324224,132.95601309292206,11.914751875246065,17.312969207763672,0.4816265106201172,1,0.0,8.949622496416923e-05,0.0,0,0
604920343774324608,132.94924926344117,11.92172103284326,19.032115936279297,0.5595874786376953,1,0.0,2.741413616491224e-05,0.0,0,0
604920511277463296,132.80277547798278,11.801795011354516,16.501176834106445,0.5551433563232422,1,0.0,2.740098693866605e-05,0.0,0,0
604920515573076352,132.80089214443902,11.809643484926916,13.754308700561525,0.4573574066162109,1,1.0,0.9999825056508855,1.0,0,1
604920515573077632,132.80005486962708,11.807414645829866,14.689736366271973,0.5292377471923828,1,1.0,0.999982506383019,1.0,0,1
604920549932807296,132.81860647195816,11.816704483459676,17.326879501342773,0.8994598388671875,1,1.0,0.9998429988404068,1.0,0,1
604920549932808320,132.81265751758593,11.8225261026052,13.987425804138185,0.4721364974975586,1,1.0,0.9999825056508855,1.0,0,1
604920549932809344,132.81168729288254,11.816641005623536,15.164518356323242,0.5879993438720703,1,1.0,0.999982506383019,1.0,0,1
604920549932809472,132.81250776537107,11.814655434194247,17.082210540771484,0.9011440277099608,1,1.0,0.9942867084295204,1.0,0,1
604920549932810368,132.81094609963804,11.814040506914475,16.896047592163086,0.8333396911621094,1,1.0,0.9942869355791903,1.0,0,1
604920579996947968,132.7980132865052,11.811847172955403,17.711320877075195,0.7215614318847656,1,0.0,8.95218331654648e-05,0.0,0,0
604920584292552832,132.79845931610862,11.814040886829336,13.630786895751953,0.4622993469238281,1,1.0,0.9999825056742555,1.0,0,1
604920584292557440,132.7870491904655,11.810524450636358,13.810784339904785,0.5288295745849609,1,0.05555555555555555,0.0333663138726936,0.011113878081123652,0,0
604920618652285952,132.8032899424663,11.830617199660905,18.71183586120605,0.9421329498291016,1,0.0,0.0,0.0,0,0
604920648716270848,132.8272049661465,11.822630402974744,12.49255657196045,0.4713659286499024,1,1.0,0.9999825056640345,1.0,0,1
604920653011055104,132.8296307396347,11.827550753889652,19.895999908447266,1.1527080535888672,1,0.005555555555555556,0.03339283794140209,0.011116401224049388,0,0
604920653012016896,132.83198461278266,11.827529110720976,15.4348783493042,0.6041069030761719,1,1.0,0.999982506383019,1.0,0,1
604920653012018688,132.83005654526977,11.823428603806072,13.716890335083008,0.4573478698730469,1,1.0,0.9999825056508855,1.0,0,1
604920653012020864,132.8202115546347,11.827417392336026,15.765213966369627,0.7645025253295898,1,1.0,0.999982506383019,1.0,0,1
604920683076006272,132.8291867238187,11.834918935672093,12.390369415283205,0.4653253555297852,1,1.0,0.9999825056640345,1.0,0,1
604920687371751936,132.83380736373863,11.839782335967689,13.801401138305664,0.4611873626708984,1,1.0,0.9999825056508855,1.0,0,1
604920717435743872,132.81388445516822,11.837309985817877,12.653306007385256,0.4453277587890625,1,1.0,0.9999825063961669,1.0,0,1
604920717437100416,132.82264861147846,11.833453839979718,19.288366317749023,0.9874477386474608,1,0.0,0.005558900073525089,0.005558798326012033,0,0
604920721731499648,132.8071441399558,11.833049101747385,14.165709495544435,0.4461526870727539,1,0.0,0.0002512841303823222,0.005556712137058942,0,0
604920756090271616,132.8223550085795,11.837245925151935,20.246177673339844,1.1739234924316406,1,0.9611111111111111,0.8404524266862738,0.8552349572983365,0,1
604920756091231232,132.82733319951794,11.83730654525302,15.270044326782227,0.698699951171875,1,1.0,0.999982506383019,1.0,0,1
604920756091231488,132.82604185779354,11.83879400844924,14.131107330322266,0.5106058120727539,1,1.0,0.999982506383019,1.0,0,1
604920756091231744,132.82095010618374,11.84623629324878,10.84577178955078,0.6937246322631836,1,1.0,0.9999825063961669,1.0,0,1
604920756091232256,132.8199008884277,11.844159233252453,13.021137237548828,0.4584922790527344,1,1.0,0.9999825056640345,1.0,0,1
604920786155223552,132.7717921169326,11.826132729168837,13.61203670501709,0.458033561706543,1,1.0,0.9999825056742555,1.0,0,1
604920786155388544,132.78395307110318,11.829051806399667,15.321573257446287,0.5892257690429688,1,1.0,0.9999825063932393,1.0,0,1
604920786156485888,132.77259448679652,11.8241584336849,19.259450912475586,0.4302196502685547,1,0.0,2.7444175081129055e-05,0.0,0,0
604920790450034944,132.78542129307274,11.825614581557574,16.789867401123047,0.8711061477661133,1,0.0,0.0006536159447697382,0.011111309025923232,0,0
604920824810533376,132.78489103549325,11.835494425241782,13.431571006774902,0.4530773162841797,1,1.0,0.9999825056742555,1.0,0,1
604920824810533632,132.78330056997476,11.83217796432791,15.237194061279295,0.6407327651977539,1,1.0,0.9999825063932393,1.0,0,1
604920824810716672,132.7989806008438,11.833847502498786,15.109004974365234,0.6720418930053711,1,1.0,0.999982506383019,1.0,0,1
604920824812306304,132.7908101325385,11.82944476817891,19.753055572509766,1.0746574401855469,1,0.0,0.0,0.0,0,0
604920859170275712,132.769731065188,11.826652579878411,15.409090995788574,0.6577987670898438,1,0.0,2.7400812397400835e-05,0.0,0,0
604920889234433792,132.7856508171565,11.84806000139799,13.643402099609375,0.4533233642578125,1,1.0,0.9999825056611066,1.0,0,1
604920893530008064,132.78668936329507,11.840889290387485,17.367965698242188,0.8899421691894531,1,1.0,0.9998429993686867,1.0,0,1
604920923594172672,132.81010485552775,11.844522292759722,13.237622261047365,0.4560718536376953,1,1.0,0.9999825056640345,1.0,0,1
604920923594172928,132.80665032201827,11.843909917167544,12.152578353881836,0.6083259582519531,1,1.0,0.9999825063961669,1.0,0,1
604920927888970880,132.8069177116936,11.839328387797794,20.06842803955078,0.943584442138672,1,0.0,0.00023412332758209067,0.0,0,0
604920927889741056,132.79901434315343,11.849202797273298,19.78493309020996,0.345458984375,1,0.0,2.741074944823536e-05,0.0,0,0
604920927889741696,132.8007665414661,11.842517778249936,14.672547340393065,0.5722751617431641,1,1.0,0.999982506383019,1.0,0,1
604920957953908864,132.8066858189857,11.855077647183508,13.46217441558838,0.4439973831176758,1,1.0,0.9999825056640345,1.0,0,1
604920962248470656,132.81404341941948,11.850773062537515,19.293441772460934,0.5549888610839844,1,0.0,2.7415668428269187e-05,0.0,0,0
604920962249663360,132.8151086611252,11.848939492176996,12.77116584777832,0.5873012542724609,1,1.0,0.9999825063961669,1.0,0,1
604921026673572224,132.8036098005423,11.86469480588966,18.358806610107425,1.021345138549805,1,0.0,0.005984032832467227,0.0,0,0
604921030968952704,132.80817701629928,11.858078714388665,17.4539794921875,1.000783920288086,1,0.9944444444444445,0.9942867484326549,1.0,0,1
604921030968952832,132.80559504321192,11.861146681281864,13.12930679321289,0.6945981979370117,1,1.0,0.9999825063961669,1.0,0,1
604921065327897472,132.84419755138322,11.847236410671293,17.73281478881836,,1,0.011111111111111112,0.07920433036246821,0.057019537022895486,0,0
604921065328866688,132.853759336477,11.843299857534564,18.437265396118164,1.068254470825195,1,1.0,0.9992194675643398,0.9944308253173928,0,1
604921129752600832,132.82816875996772,11.855184554157471,12.798284530639648,0.5954933166503906,1,1.0,0.9999825063961669,1.0,0,1
604921134047382528,132.83224950527634,11.851878479276033,20.170818328857425,0.4004554748535156,1,0.0,2.7444350175267703e-05,0.0,0,0
604921134048344448,132.84392335149371,11.855105307379286,16.026674270629886,0.4965600967407226,1,0.0,2.740119080669431e-05,0.0,0,0
604921134048344960,132.83917925175024,11.857563451663413,17.73637580871582,1.0404129028320312,1,0.9777777777777777,0.9665244211924954,0.9444414030829484,0,1
604921134048349824,132.8334417346105,11.850459221012835,14.14655590057373,0.4928722381591797,1,1.0,0.999982506383019,1.0,0,1
604921164112524800,132.85328920795627,11.863702065956746,18.323610305786133,1.025371551513672,1,1.0,0.9942867325468618,0.994443882388796,0,1
604921168408082048,132.8433074913408,11.858108397755394,13.148641586303713,0.4537477493286133,1,1.0,0.9999825056640345,1.0,0,1
604921198472075008,132.86996312231452,11.866647749676654,12.497737884521484,0.507481575012207,1,1.0,0.9999825056640345,1.0,0,1
604921202767809664,132.87060584811644,11.870136624801107,14.76279354095459,0.5875377655029297,1,1.0,0.999982506383019,1.0,0,1
604921202767811712,132.87436228807942,11.8583103658019,13.176509857177734,0.4066553115844727,1,1.0,0.9944268366131668,1.0,0,1
604921202767814016,132.8660752060696,11.862813733647961,14.422541618347168,0.5780706405639648,1,1.0,0.9944268205914087,0.9944442526912063,0,1
604921267191744384,132.86232293328416,11.87222618298002,18.941490173339844,1.1141090393066406,1,0.011111111111111112,0.07123164889118049,0.038907203066397965,0,0
604921271487102464,132.85629405396207,11.877440894497271,13.119683265686035,0.4634971618652344,1,1.0,0.9999825056640345,1.0,0,1
604921271487287296,132.8678742980635,11.871523661310622,12.661663055419922,0.45306396484375,1,1.0,0.9999825056640345,1.0,0,1
604921305846834816,132.86685941351104,11.888765967218434,16.29954719543457,0.7429828643798828,1,1.0,0.983315458755711,0.9555677298465727,0,1
604921305846836864,132.86450791425622,11.884009369521324,14.0194673538208,0.4842157363891602,1,1.0,0.9999825056508855,1.0,0,1
604921340206589696,132.82958813795742,11.860518318677356,19.01592445373535,0.5632305145263672,1,0.0,0.011144211193847706,0.011112771413822645,0,0
604921340206591744,132.82121336849383,11.86804251161211,16.950492858886722,0.8640766143798828,1,1.0,0.9944567081148677,0.988901671942358,0,1
604921374566323200,132.8339382340836,11.879991144648054,13.720304489135742,0.4554862976074219,1,0.9944444444444445,0.9999825056508855,1.0,0,1
604921374566324992,132.83199152304246,11.869638921895687,13.745494842529295,0.4927129745483398,1,0.9944444444444445,0.9999825056508855,1.0,0,1
604921408926071424,132.81427713738063,11.866097750303595,14.82322597503662,0.5439329147338867,1,0.9944444444444445,0.999982506383019,1.0,0,1
604921443285803008,132.8248706031922,11.873794613669775,18.11518859863281,0.6543769836425781,1,0.005555555555555556,8.951286079245986e-05,0.005556310440619873,0,0
604921477645534976,132.84137577874628,11.885802295893395,15.071660041809082,0.5749149322509766,1,1.0,0.999982506383019,1.0,0,1
604921512004262272,132.86298831089664,11.888535760051772,18.686687469482425,0.7394313812255859,1,0.0,2.7416173988183774e-05,0.0,0,0
604921512005265664,132.86420507379762,11.890704974736725,12.605677604675293,0.4535369873046875,1,1.0,0.9999825056640345,1.0,0,1
604921512005268608,132.85664429836703,11.887724113339994,15.330951690673828,0.6044950485229492,1,1.0,0.999982506383019,1.0,0,1
604921546365011456,132.8399444670057,11.890856138831253,18.57305145263672,1.03253173828125,1,0.0,0.0,0.011124205218723999,0,0
604921580724745984,132.84638694650317,11.901384065213168,14.01301383972168,0.4802045822143554,1,1.0,0.9999825056508855,1.0,0,1
604921615084521088,132.76007004293314,11.835945559683724,19.851673126220703,0.7834720611572266,1,0.0,2.7411061700548176e-05,0.0,0,0
604921649444253952,132.77478354023353,11.85274867694054,13.180006980895994,0.4626827239990234,1,0.0,2.740098693866605e-05,0.0055560388361834976,0,0
604921649444255872,132.76814252556787,11.846621044787078,17.357368469238278,0.7829036712646484,1,0.0,0.011205632771374223,0.0,0,0
604921679508385664,132.74914800692656,11.853502610875301,14.645685195922852,0.5298042297363281,1,1.0,0.9999825063932393,1.0,0,1
604921683803997184,132.75349465051622,11.851486328854845,17.521272659301758,0.6027851104736328,1,0.0,8.95046235716865e-05,0.0,0,0
604921713868337280,132.7646788187885,11.861225180192037,16.698328018188473,0.8177080154418945,1,0.9944444444444445,0.9999217629024834,1.0,0,1
604921713868728448,132.7659521007996,11.860909905809686,17.987682342529297,0.9613475799560548,1,0.9722222222222222,0.9309180327853744,0.9388827062767561,0,1
604921718163730560,132.76865387371458,11.862766961055666,13.870308876037598,0.5108880996704102,1,1.0,0.9834835794497564,0.9833463592558876,0,1
604921718163732736,132.7615726371389,11.857070796228518,14.322229385375975,0.6135454177856445,1,0.0,0.011139036452207101,0.0,0,0
604921748227889152,132.78145534418942,11.865691062059716,14.714021682739258,0.5372076034545898,1,0.9944444444444445,0.9999825063932393,1.0,0,1
604921816947364480,132.77290158633653,11.875586377131054,15.414886474609375,0.6988840103149414,1,1.0,0.9999825063932393,1.0,0,1
604921821242944128,132.76627428423788,11.87352692387146,15.77667999267578,0.5921621322631836,1,0.0,2.7400812397400835e-05,0.0,0,0
604921821242945536,132.76241987243185,11.873798075192544,14.79567813873291,0.5475759506225586,1,0.9944444444444445,0.9999825063932393,1.0,0,1
604921855602675840,132.78127078733152,11.882246851764018,13.732728004455565,0.466252326965332,1,0.9944444444444445,0.9999825063932393,1.0,0,1
604921855602675968,132.78005588537422,11.883864558840845,12.407134056091307,0.5328826904296875,1,1.0,0.9999825064063871,0.9944442542725132,0,1
604921885666815360,132.73464294508156,11.85812286644965,13.959218978881836,0.4738483428955078,1,0.9944444444444445,0.9999825056677161,1.0,0,1
604921885667161856,132.74518844059426,11.860689368685415,20.06855583190918,0.31387901306152344,1,0.0,2.740943719381718e-05,0.0,0,0
604921889962429824,132.73404526256763,11.865444293089723,14.479680061340332,0.5266551971435547,1,0.011111111111111112,2.740700618228607e-05,0.0,0,0
604921988746029312,132.73212920830196,11.882112415409331,14.834444999694824,0.5504541397094727,1,1.0,0.9999825063998482,1.0,0,1
604922023106118784,132.7520249842001,11.879227711202114,19.81542015075684,1.117204666137695,1,0.0,0.0,0.01669104255598535,0,0
604922027401371904,132.76534899204358,11.884914384514044,17.029060363769528,0.85540771484375,1,1.0,0.9998429993686867,1.0,0,1
604922027401374080,132.76169432007003,11.881922954797222,16.33409309387207,0.7469024658203125,1,1.0,0.9999824978449828,0.9944442229631152,0,1
604922057465737472,132.77452195116786,11.89650316198984,17.61910629272461,0.9969978332519532,1,1.0,0.9831856364718973,0.961108982158064,0,1
604922057465857792,132.76869135286742,11.883741959791012,19.897640228271484,1.1560096740722656,1,0.6777777777777778,0.583424424113651,0.5493382333057015,0,1
604922061761107584,132.77419819830268,11.886304241910436,14.857274055480955,0.5512714385986328,1,1.0,0.9999825063932393,1.0,0,1
604922096120852864,132.7531291445454,11.886512391096069,14.60698127746582,0.5296850204467773,1,1.0,0.9999825063932393,1.0,0,1
604922126185213568,132.75889721939026,11.89513514001359,19.710729598999023,1.0366287231445312,1,0.005555555555555556,0.01667743199839072,0.005555555555555556,0,0
604922130480588544,132.75169023487408,11.901338670742376,16.734281539916992,0.797581672668457,1,0.9944444444444445,0.9948308139127279,1.0,0,1
604922164840316416,132.80135614430614,11.88213020571764,15.971505165100098,0.81744384765625,1,1.0,0.999982506383019,1.0,0,1
604922194904685184,132.81121294800863,11.885103140037193,17.503381729125973,0.7867965698242188,1,0.0,0.005647599869113605,0.0,0,0
604922199201734272,132.8145782706552,11.88334446883203,19.70455551147461,1.9228019714355469,1,0.0,0.03299515494137966,0.005562102609361999,0,0
604922229264424448,132.78834572917086,11.887281076846321,17.073602676391598,0.8728199005126953,1,1.0,0.9998429993686867,1.0,0,1
604922229264428544,132.78850938083608,11.894289471701901,16.583541870117188,0.7835302352905273,1,1.0,0.9999825059317412,1.0,0,1
604922233559794432,132.7922540654663,11.890501556578226,18.68457794189453,0.7674064636230469,1,0.0,2.7411254826747186e-05,0.0,0,0
604922233561475968,132.79457455142932,11.890712516931194,16.205863952636722,0.7309226989746094,1,1.0,0.9999825063932393,1.0,0,1
604922267919522304,132.8134540558118,11.900768978028172,19.10996437072754,0.6353092193603516,1,0.0,2.7410953461559526e-05,0.0,0,0
604922267919523072,132.80741926267902,11.903701358025813,18.228334426879886,0.4968624114990234,1,0.0,8.953991301503867e-05,0.0,0,0
604922267919525504,132.80116264138996,11.90637877005004,14.004369735717773,0.4833030700683594,1,1.0,0.9999825056508855,0.9944442229631152,0,1
604922267919526912,132.80380024159334,11.897833924286921,15.309070587158205,0.5989875793457031,1,1.0,0.999982506383019,0.9944442229631152,0,1
604922267921211392,132.80119723738554,11.893470846166148,16.36636734008789,0.577601432800293,1,0.0,2.740098693866605e-05,0.0,0,0
604922297983905920,132.82391003197492,11.895924723901453,19.15546989440918,1.1141109466552734,1,0.9833333333333333,0.9721971863820399,0.9833196811481055,0,1
604922302279259008,132.81900117845774,11.904198115103895,13.402017593383787,0.4696884155273438,1,1.0,0.9999825056640345,1.0,0,1
604922336638992128,132.83868585489884,11.904020745702164,15.922809600830078,0.7029819488525391,1,1.0,0.999982506383019,0.9944442542725132,0,1
604922370997732736,132.81493970038392,11.9026999847213,19.46326446533203,1.249492645263672,1,0.0,0.021443905251714798,0.009891325900805523,0,0
604922370997734016,132.8087273005995,11.90574105108332,19.5749568939209,1.1046772003173828,1,0.9944444444444445,0.949969043746084,0.9777595748641408,0,1
604922435422864512,132.77648974434882,11.905213977759175,17.419231414794922,1.0744781494140625,1,1.0,0.9940855930686947,0.9944441403082949,0,1
604922439718224384,132.78443670329887,11.905538592274542,16.53681755065918,0.5090751647949219,1,0.0,2.740098693866605e-05,0.0,0,0
604922474077954944,132.8004871490072,11.911219815234766,15.055208206176758,0.5664968490600586,1,0.9833333333333333,0.999982506383019,0.9944442229631152,0,1
604922538506478848,132.78001478835907,11.915932574538006,20.37875747680664,0.9989585876464844,1,0.005555555555555556,0.011116019316318304,0.011111111111111112,0,0
604922607222692352,132.81236447431286,11.934049719025367,20.65143203735352,1.2592658996582031,1,0.016666666666666666,0.038964743669865264,0.03334578123760453,0,0
604922641581304576,132.78419202539064,11.926632456773293,15.509170532226562,0.6240882873535156,1,0.9777777777777777,0.9999825063932393,0.9944442229631152,0,1
604922645876644096,132.7989432805503,11.92621031087996,17.548934936523438,0.572052001953125,1,0.0,8.951219441273785e-05,0.0,0,0
604922714596290560,132.8926625358825,11.87523201166718,17.255634307861328,0.7200069427490234,1,0.0,8.950519400231338e-05,0.0,0,0
604922748956025216,132.8990278346759,11.892973386369526,12.008891105651855,0.6547136306762695,1,1.0,0.9999825063961669,1.0,0,1
604922779020036736,132.8799357955451,11.88832087849118,13.567353248596193,0.4622926712036133,1,1.0,0.9999825056640345,1.0,0,1
604922779020036992,132.8830724393302,11.88658613865033,12.938089370727539,0.4471511840820313,1,1.0,0.9999825056640345,1.0,0,1
604922779020241536,132.882920070015,11.890677681952114,16.44450569152832,0.5622940063476562,1,0.005555555555555556,2.740393575798338e-05,0.0,0,0
604922783315580288,132.88290550282431,11.892454005794992,15.213190078735352,0.5959291458129883,1,1.0,0.999982506383019,1.0,0,1
604922817675315968,132.88385364249322,11.90171652746667,18.915992736816406,1.1660728454589844,1,1.0,0.9663485860520596,0.9944338982152802,0,1
604922817675316096,132.88680874936665,11.895752716701214,14.966190338134766,0.5675487518310547,1,1.0,0.999982506383019,1.0,0,1
604922847739721856,132.90686278904428,11.89929985945004,18.085344314575195,0.971588134765625,1,1.0,0.994284645297786,0.9777760377643252,0,1
604922847739724800,132.90651199892196,11.904548876944366,18.04671859741211,0.9877758026123048,1,0.9944444444444445,0.9998429424904841,0.9888877679406274,0,1
604922852035355136,132.91449018950948,11.907405785321519,20.60606002807617,0.6467781066894531,1,0.0,2.7412966547757488e-05,0.0,0,0
604922886394970240,132.92811045842987,11.911033335168907,16.897708892822266,0.8298969268798828,1,0.9888888888888889,0.9998430050824935,0.9888884459262303,0,1
604922916459324416,132.89833978176605,11.914550200840267,20.04928970336914,0.484292984008789,1,0.0,2.741923554648908e-05,0.0,0,0
604922920754523136,132.90458932171813,11.916652622822426,13.06453800201416,0.4597368240356445,1,0.9888888888888889,0.9999825056640345,1.0,0,1
604922920754523520,132.90423542326172,11.913875744577506,15.285419464111328,0.6070852279663086,1,0.9888888888888889,0.999982506383019,0.9944442229631152,0,1
604922920754526080,132.900889362147,11.90971246977283,19.255949020385746,1.1317214965820312,1,0.0,0.02738784762391053,0.02658779521035828,0,0
604922920754526336,132.90220173714548,11.907574272558687,14.985488891601562,0.5809898376464844,1,1.0,0.999982506383019,0.9944442229631152,0,1
604922955113458432,132.91025924769465,11.919726608604252,20.30510902404785,1.1009979248046875,1,0.23333333333333334,0.24455465698810908,0.1613600256154945,0,0
604922985178465152,132.87248424685586,11.90386630124216,12.68685817718506,0.461343765258789,1,1.0,0.9999825063961669,1.0,0,1
604923023833743744,132.88722855821908,11.913182080369106,15.510129928588867,0.6313133239746094,1,0.9833333333333333,0.999982506383019,0.9944442229631152,0,1
604923023833744896,132.88213865097435,11.915813227651393,16.82904052734375,0.8274173736572266,1,0.9833333333333333,0.9998430050824935,1.0,0,1
604923092553224320,132.86977100986428,11.920239789095524,19.00229263305664,1.0519866943359375,1,0.9777777777777777,0.9714276675996282,0.9888797596929895,0,1
604923126911953792,132.89606014519845,11.921029457654955,19.564207077026367,,1,0.0,0.0009316516484404171,0.0009698870812279448,0,0
604923126912957952,132.888772826805,11.912206105292993,17.994483947753906,0.9774017333984376,1,0.9777777777777777,0.994284645297786,1.0,0,1
604923191337116672,132.8774452034072,11.923069676701715,18.7257080078125,1.0610733032226562,1,0.9777777777777777,0.9825444469294145,0.9888797874320704,0,1
604923195632433408,132.88425443927989,11.931514452453735,18.29690170288086,0.6307163238525391,1,0.0,8.952206079596206e-05,0.0,0,0
604923195632435968,132.8779957580632,11.927174803380721,19.586856842041016,1.194559097290039,1,0.8833333333333333,0.7833254574476345,0.8697247540634119,0,1
604923260056709760,132.9399649308796,11.919306942515854,20.292381286621094,1.0769634246826172,1,0.005555555555555556,0.03914784659404056,0.016668836594932783,0,0
604923333071376512,132.92743854500472,11.934727672758932,15.663899421691895,0.6507511138916016,1,0.9888888888888889,0.999982506383019,0.9888884459262303,0,1
604923367432823808,132.93281414390034,11.945133727472605,10.23469066619873,0.6982326507568359,1,0.9833333333333333,0.9999825063961669,0.9944442542725132,0,1
604923466219949824,132.9487642959186,11.94349998643561,19.86318588256836,0.4731159210205078,1,0.0,2.7410883786405377e-05,0.0,0,0
604923534934621184,132.91208005224976,11.93897252713398,20.191804885864254,0.8831882476806641,1,0.0,0.005558128506694343,0.0,0,0
604923569294361088,132.92552725121772,11.952749522101753,20.09941291809082,1.127157211303711,1,0.0,0.01136019571397265,0.005556278864977594,0,0
604923607948286848,132.89917948098432,11.952712943011196,19.663015365600586,0.6672306060791016,1,0.0,2.741370036926934e-05,0.0,0,0
604923607949286912,132.90652611267652,11.945705057064831,14.259431838989258,0.5018434524536133,1,0.9888888888888889,0.9999825056508855,0.9944442229631152,0,1
604923607949288064,132.9015545710283,11.947444044473945,13.826931953430176,0.466639518737793,1,0.9888888888888889,0.9999825056508855,0.9944442229631152,0,1
604923607949288192,132.90088300044138,11.94498253693851,19.443241119384766,0.4564132690429688,1,0.0,2.7416283433741453e-05,0.0,0,0
604923745388235136,132.92038290015353,11.962325476161402,15.547889709472654,0.7225303649902344,1,0.9833333333333333,0.9944268205914087,0.9888885085450262,0,1
604923844172475648,132.86104765281894,11.923624308700873,20.746807098388672,0.5476665496826172,1,0.0,0.011611221584084775,0.0,0,0
604923848467467648,132.86615190719334,11.928030936523626,13.16091251373291,0.4752311706542969,1,0.9888888888888889,0.9999825056640345,0.9944442229631152,0,1
604923848467470976,132.85612016957666,11.927404215661154,17.374265670776367,0.9002361297607422,1,0.9888888888888889,0.9998429988404068,0.9888880923103633,0,1
604923882827217024,132.82796194573191,11.930467749019588,13.979340553283693,0.4729251861572266,1,0.9888888888888889,0.9999825056508855,0.9944442229631152,0,1
604923917186949120,132.84191329520843,11.938197495672838,18.629270553588867,0.9360275268554688,1,0.0,0.0,0.0,0,0
604923947251366656,132.8612649236938,11.936701769755805,15.45844268798828,0.7473154067993164,1,0.9888888888888889,0.999982506383019,1.0,0,1
604923981611109504,132.88177282627728,11.949129865199971,18.124134063720703,1.0600204467773438,1,0.005555555555555556,0.019103529100460568,0.0,0,0
604923985906414080,132.88134861659105,11.945544742534064,16.867773056030273,0.4885635375976562,1,0.0,8.949622496416923e-05,0.0,0,0
604924020265153280,132.86055434959314,11.952918837582345,16.691959381103516,,1,0.005555555555555556,0.02102822854981273,0.027689467024094905,0,0
604924020265550720,132.84994375126792,11.949917940366282,20.57466125488281,1.1356487274169922,1,0.0,0.005561051751531847,0.0,0,0
604924020266159872,132.8517380626063,11.9498913473365,18.913990020751953,0.3683376312255859,1,0.0,2.7410953461559526e-05,0.005556310440619873,0,0
604924050330857472,132.86638768701428,11.959985240184144,19.295616149902344,0.6170558929443359,1,0.005555555555555556,2.741370036926934e-05,0.0,0,0
604924054625893120,132.86528837286585,11.95831184503567,15.505335807800293,0.6332187652587891,1,0.005555555555555556,0.011372496981650458,0.0,0,0
604924088985646464,132.82576245861543,11.935150004021256,18.129924774169922,0.9803752899169922,1,0.9833333333333333,0.9998429424904841,0.9944438839703137,0,1
604924088985647360,132.8225834702973,11.939061356511331,18.112777709960934,0.9862442016601562,1,0.9777777777777777,0.9998429425822841,0.9888877679406274,0,1
604924119054640512,132.8418743137907,11.949918806553937,18.721023559570312,0.619354248046875,1,0.0,2.7413541696340436e-05,0.0,0,0
604924123345378688,132.83906743458778,11.94795841385574,19.568967819213867,1.1529254913330078,1,0.9777777777777777,0.9440851914053265,0.9721489948166716,0,1
604924157705123072,132.81577836122693,11.952198797957251,19.508514404296875,1.1509990692138672,1,0.5388888888888889,0.3663376029848287,0.3978849801841355,0,1
604924222129500544,132.84847171469352,11.95044154472723,20.636188507080078,0.8192806243896484,1,0.0,0.005785862860478945,0.0,0,0
604924226424589440,132.8483545274179,11.956897214608407,18.101505279541016,1.0501174926757812,1,0.0,0.018867511187135286,0.0,0,0
604924226424589568,132.8462603273626,11.960102845929008,18.22103881835937,1.032732009887695,1,0.8888888888888888,0.8614806898002176,0.9055561897143667,0,1
604924226424592768,132.83719752274274,11.959158874313495,19.438100814819336,1.143026351928711,1,0.9777777777777777,0.9663485564840051,0.9721489948166716,0,1
604924260784323456,132.85878094283322,11.964235266774429,16.538774490356445,0.4667758941650391,1,0.0,2.740119080669431e-05,0.0,0,0
604924290848519168,132.82900487369628,11.969719492414635,12.042779922485352,0.6480550765991211,1,0.9888888888888889,0.9999825063961669,0.9944442229631152,0,1
604924393927977472,132.90856264516242,11.967431684608679,18.004941940307614,0.4927482604980469,1,0.0,8.951286079245986e-05,0.0,0,0
604924428292443776,132.88181248804491,11.966781245188965,16.611305236816403,0.5269680023193359,1,0.0,2.7409466992307415e-05,0.005556062551231481,0,0
604924432583010688,132.8796326188442,11.963192534918823,19.589235305786133,1.0503559112548828,1,0.0,0.0,0.005562102609361999,0,0
604962984209526400,132.6932626101005,11.871317607852488,14.77135181427002,0.5983572006225586,1,0.9888888888888889,0.999982506423816,1.0,0,1
604963082993339776,132.6964517176052,11.875802111774194,15.878719329833984,0.6272401809692383,1,0.005555555555555556,0.005810686221615683,0.01666756605107445,0,0
604963082997567232,132.69340025994222,11.87679008133347,20.055679321289066,1.0666427612304688,1,0.0,0.00023418164138733663,0.0,0,0
604963087288739584,132.69520199935351,11.882725756405424,14.589740753173828,0.57574462890625,1,0.9888888888888889,0.999982506423816,1.0,0,1
604968889789252608,132.7076031989985,11.879442605938767,20.507164001464844,0.8605480194091797,1,0.005555555555555556,0.0,0.0,0,0
604968928444252288,132.73209615790827,11.888112972189052,19.10527229309082,1.11993408203125,1,1.0,0.9886074963179308,0.9944308269063524,0,1
604968958508608512,132.70780138593742,11.894281657354494,17.769359588623047,0.7353534698486328,1,0.005555555555555556,0.005648613651654892,0.0,0,0
604968962803997184,132.70540942721271,11.894337822336302,19.23145866394043,0.8665733337402344,1,0.005555555555555556,0.0,0.0,0,0
604968992868351616,132.7207470356557,11.903001425652013,15.946285247802734,0.6504640579223633,1,0.0,2.7400812397400835e-05,0.00555596357928905,0,0
604968997163730048,132.72116655904,11.903273116386561,17.039115905761722,,1,0.0,0.0009624504679945684,0.007572965047942835,0,0
604969027228087424,132.74326731972164,11.898710939284356,18.508316040039066,1.0621452331542969,1,0.9944444444444445,0.977697374496794,0.9777595748641408,0,1
604969031523464064,132.74134453969265,11.899074107735805,18.22685432434082,0.5853996276855469,1,0.0,8.951162389287832e-05,0.0,0,0
604969061592133376,132.74169221230449,11.906326302521524,19.59092712402344,1.1544151306152344,1,0.9944444444444445,0.9552170304128285,0.9721489948166716,0,1
604969134602863744,132.7400352193635,11.920736885880975,13.237873077392578,0.4493875503540039,1,0.9888888888888889,0.999982505680865,1.0,0,1
604969203322162816,132.70729070042316,11.906764677711687,13.862936019897461,0.4683036804199219,1,0.9944444444444445,0.9944266003440076,0.9888885085450262,0,1
604969306401373952,132.7151622004115,11.91789048021685,16.931812286376953,0.8407115936279297,1,0.9777777777777777,0.9998430058851583,0.9944442229631152,0,1
604969336465748352,132.73183964095605,11.931684778797797,17.282302856445312,0.9037837982177734,1,0.9888888888888889,0.9998429994280067,0.9888880923103633,0,1
604969340761109760,132.72619900281427,11.92089776339947,14.82048797607422,0.6155796051025391,1,0.9833333333333333,0.9999825063998482,0.9944442229631152,0,1
604969443840314496,132.76022063297353,11.922824361566999,15.516990661621096,0.6337795257568359,1,0.9888888888888889,0.9999825063932393,1.0,0,1
604969473909068032,132.77166270697606,11.921775537798588,19.625167846679688,0.7836952209472656,1,0.0,2.7411775343335934e-05,0.005556358906640289,0,0
604969512560084608,132.7507013227875,11.924493006682106,20.797616958618164,0.9493999481201172,1,0.0,0.022464415710091955,0.011111804731880892,0,0
604969546919527424,132.7578706750788,11.944546722126123,19.157527923583984,0.6093959808349609,1,0.0,2.740943719381718e-05,0.0,0,0
604969546919528576,132.75663293033801,11.937858305556851,14.743148803710938,0.5470066070556641,1,0.9888888888888889,0.9999825063932393,0.9944442229631152,0,1
604969546919528704,132.75752981409494,11.935008509787927,17.005489349365234,0.5029201507568359,1,0.0,8.94949885242936e-05,0.00555596357928905,0,0
604969581279257088,132.78227539490248,11.941893308753533,15.456308364868164,0.4510679244995117,1,0.0,2.740098693866605e-05,0.0,0,0
604969611343663744,132.79510690102623,11.952802583198118,18.189998626708984,0.8913249969482422,1,0.0,0.028212995331635522,0.0,0,0
604969615638992896,132.7842035953019,11.950993443161956,19.285959243774414,1.089569091796875,1,0.9833333333333333,0.9721972636990921,0.9888797874320704,0,1
604969615639180416,132.7880497367292,11.950087185911396,14.391458511352539,0.5055341720581055,1,0.9888888888888889,0.9999825063932393,1.0,0,1
604969753079639424,132.74966133572866,11.944323758475141,15.432634353637695,0.6203947067260742,1,0.9888888888888889,0.9999825063932393,0.9944442229631152,0,1
604969856157171584,132.75893373341586,11.94876216345632,18.684213638305664,1.054645538330078,1,0.9833333333333333,0.9444424773433093,0.9499983763371723,0,1
604971088812177280,132.80405067046604,11.950244644503293,14.285122871398926,0.5027475357055664,1,0.9833333333333333,0.9999825056508855,0.9944442229631152,0,1
604971093107735040,132.80520753195378,11.964632713843105,16.481857299804688,0.7614212036132812,1,0.9888888888888889,0.994424097253944,0.9944442229631152,0,1
604971093107922432,132.80820865023236,11.959495023122205,15.018668174743652,0.5644006729125977,1,0.9888888888888889,0.999982506383019,1.0,0,1
604971127467656192,132.81909661912064,11.966110691612087,19.299692153930664,1.1503314971923828,1,0.3111111111111111,0.272065405401898,0.2726930824006556,0,0
604971157532112768,132.78846814452731,11.969207205403494,20.117454528808594,1.1686477661132812,1,0.20555555555555555,0.23341924819656118,0.24484858718025798,0,0
604971230545677824,132.81544481538307,11.977592643379273,20.111421585083008,1.223430633544922,1,0.9444444444444444,0.7945003753147729,0.8165596939235044,0,1
